-31.6,-65.1
-31.65,-65.1
-31.7,-65.1
-31.75,-65.1
-31.8,-65.1
-31.85,-65.1
-31.9,-65.1
-31.95,-65.1
-32,-65.1
-32.05,-65.1
-32.1,-65.1
-32.15,-65.1
-32.2,-65.1
-32.25,-65.1
-32.3,-65.1
-32.35,-65.1
-32.4,-65.1
-32.45,-65.1
-32.5,-65.1
-32.55,-65.1
-32.6,-65.1
-32.65,-65.1
-32.7,-65.1
-32.75,-65.1
-32.8,-65.1
-32.85,-65.1
-32.9,-65.1
-32.95,-65.1
-33,-65.1
-33.05,-65.1
-33.1,-65.1
-33.15,-65.1
-33.2,-65.1
-33.25,-65.1
-33.3,-65.1
-33.35,-65.1
-33.4,-65.1
-33.45,-65.1
-33.5,-65.1
-33.55,-65.1
-33.6,-65.1
-33.65,-65.1
-33.7,-65.1
-33.75,-65.1
-33.8,-65.1
-33.85,-65.1
-33.9,-65.1
-33.95,-65.1
-34,-65.1
-34.05,-65.1
-34.1,-65.1
-34.15,-65.1
-34.2,-65.1
-34.25,-65.1
-34.3,-65.1
-34.35,-65.1
-34.4,-65.1
-34.45,-65.1
-34.5,-65.1
-34.55,-65.1
-34.6,-65.1
-34.65,-65.1
-34.7,-65.1
-34.75,-65.1
-31.6,-65.05
-31.65,-65.05
-31.7,-65.05
-31.75,-65.05
-31.8,-65.05
-31.85,-65.05
-31.9,-65.05
-31.95,-65.05
-32,-65.05
-32.05,-65.05
-32.1,-65.05
-32.15,-65.05
-32.2,-65.05
-32.25,-65.05
-32.3,-65.05
-32.35,-65.05
-32.4,-65.05
-32.45,-65.05
-32.5,-65.05
-32.55,-65.05
-32.6,-65.05
-32.65,-65.05
-32.7,-65.05
-32.75,-65.05
-32.8,-65.05
-32.85,-65.05
-32.9,-65.05
-32.95,-65.05
-33,-65.05
-33.05,-65.05
-33.1,-65.05
-33.15,-65.05
-33.2,-65.05
-33.25,-65.05
-33.3,-65.05
-33.35,-65.05
-33.4,-65.05
-33.45,-65.05
-33.5,-65.05
-33.55,-65.05
-33.6,-65.05
-33.65,-65.05
-33.7,-65.05
-33.75,-65.05
-33.8,-65.05
-33.85,-65.05
-33.9,-65.05
-33.95,-65.05
-34,-65.05
-34.05,-65.05
-34.1,-65.05
-34.15,-65.05
-34.2,-65.05
-34.25,-65.05
-34.3,-65.05
-34.35,-65.05
-34.4,-65.05
-34.45,-65.05
-34.5,-65.05
-34.55,-65.05
-34.6,-65.05
-34.65,-65.05
-34.7,-65.05
-34.75,-65.05
-31.6,-65
-31.65,-65
-31.7,-65
-31.75,-65
-31.8,-65
-31.85,-65
-31.9,-65
-31.95,-65
-32,-65
-32.05,-65
-32.1,-65
-32.15,-65
-32.2,-65
-32.25,-65
-32.3,-65
-32.35,-65
-32.4,-65
-32.45,-65
-32.5,-65
-32.55,-65
-32.6,-65
-32.65,-65
-32.7,-65
-32.75,-65
-32.8,-65
-32.85,-65
-32.9,-65
-32.95,-65
-33,-65
-33.05,-65
-33.1,-65
-33.15,-65
-33.2,-65
-33.25,-65
-33.3,-65
-33.35,-65
-33.4,-65
-33.45,-65
-33.5,-65
-33.55,-65
-33.6,-65
-33.65,-65
-33.7,-65
-33.75,-65
-33.8,-65
-33.85,-65
-33.9,-65
-33.95,-65
-34,-65
-34.05,-65
-34.1,-65
-34.15,-65
-34.2,-65
-34.25,-65
-34.3,-65
-34.35,-65
-34.4,-65
-34.45,-65
-34.5,-65
-34.55,-65
-34.6,-65
-34.65,-65
-34.7,-65
-34.75,-65
-31.6,-64.95
-31.65,-64.95
-31.7,-64.95
-31.75,-64.95
-31.8,-64.95
-31.85,-64.95
-31.9,-64.95
-31.95,-64.95
-32,-64.95
-32.05,-64.95
-32.1,-64.95
-32.15,-64.95
-32.2,-64.95
-32.25,-64.95
-32.3,-64.95
-32.35,-64.95
-32.4,-64.95
-32.45,-64.95
-32.5,-64.95
-32.55,-64.95
-32.6,-64.95
-32.65,-64.95
-32.7,-64.95
-32.75,-64.95
-32.8,-64.95
-32.85,-64.95
-32.9,-64.95
-32.95,-64.95
-33,-64.95
-33.05,-64.95
-33.1,-64.95
-33.15,-64.95
-33.2,-64.95
-33.25,-64.95
-33.3,-64.95
-33.35,-64.95
-33.4,-64.95
-33.45,-64.95
-33.5,-64.95
-33.55,-64.95
-33.6,-64.95
-33.65,-64.95
-33.7,-64.95
-33.75,-64.95
-33.8,-64.95
-33.85,-64.95
-33.9,-64.95
-33.95,-64.95
-34,-64.95
-34.05,-64.95
-34.1,-64.95
-34.15,-64.95
-34.2,-64.95
-34.25,-64.95
-34.3,-64.95
-34.35,-64.95
-34.4,-64.95
-34.45,-64.95
-34.5,-64.95
-34.55,-64.95
-34.6,-64.95
-34.65,-64.95
-34.7,-64.95
-34.75,-64.95
-31.6,-64.9
-31.65,-64.9
-31.7,-64.9
-31.75,-64.9
-31.8,-64.9
-31.85,-64.9
-31.9,-64.9
-31.95,-64.9
-32,-64.9
-32.05,-64.9
-32.1,-64.9
-32.15,-64.9
-32.2,-64.9
-32.25,-64.9
-32.3,-64.9
-32.35,-64.9
-32.4,-64.9
-32.45,-64.9
-32.5,-64.9
-32.55,-64.9
-32.6,-64.9
-32.65,-64.9
-32.7,-64.9
-32.75,-64.9
-32.8,-64.9
-32.85,-64.9
-32.9,-64.9
-32.95,-64.9
-33,-64.9
-33.05,-64.9
-33.1,-64.9
-33.15,-64.9
-33.2,-64.9
-33.25,-64.9
-33.3,-64.9
-33.35,-64.9
-33.4,-64.9
-33.45,-64.9
-33.5,-64.9
-33.55,-64.9
-33.6,-64.9
-33.65,-64.9
-33.7,-64.9
-33.75,-64.9
-33.8,-64.9
-33.85,-64.9
-33.9,-64.9
-33.95,-64.9
-34,-64.9
-34.05,-64.9
-34.1,-64.9
-34.15,-64.9
-34.2,-64.9
-34.25,-64.9
-34.3,-64.9
-34.35,-64.9
-34.4,-64.9
-34.45,-64.9
-34.5,-64.9
-34.55,-64.9
-34.6,-64.9
-34.65,-64.9
-34.7,-64.9
-34.75,-64.9
-31.6,-64.85
-31.65,-64.85
-31.7,-64.85
-31.75,-64.85
-31.8,-64.85
-31.85,-64.85
-31.9,-64.85
-31.95,-64.85
-32,-64.85
-32.05,-64.85
-32.1,-64.85
-32.15,-64.85
-32.2,-64.85
-32.25,-64.85
-32.3,-64.85
-32.35,-64.85
-32.4,-64.85
-32.45,-64.85
-32.5,-64.85
-32.55,-64.85
-32.6,-64.85
-32.65,-64.85
-32.7,-64.85
-32.75,-64.85
-32.8,-64.85
-32.85,-64.85
-32.9,-64.85
-32.95,-64.85
-33,-64.85
-33.05,-64.85
-33.1,-64.85
-33.15,-64.85
-33.2,-64.85
-33.25,-64.85
-33.3,-64.85
-33.35,-64.85
-33.4,-64.85
-33.45,-64.85
-33.5,-64.85
-33.55,-64.85
-33.6,-64.85
-33.65,-64.85
-33.7,-64.85
-33.75,-64.85
-33.8,-64.85
-33.85,-64.85
-33.9,-64.85
-33.95,-64.85
-34,-64.85
-34.05,-64.85
-34.1,-64.85
-34.15,-64.85
-34.2,-64.85
-34.25,-64.85
-34.3,-64.85
-34.35,-64.85
-34.4,-64.85
-34.45,-64.85
-34.5,-64.85
-34.55,-64.85
-34.6,-64.85
-34.65,-64.85
-34.7,-64.85
-34.75,-64.85
-31.6,-64.8
-31.65,-64.8
-31.7,-64.8
-31.75,-64.8
-31.8,-64.8
-31.85,-64.8
-31.9,-64.8
-31.95,-64.8
-32,-64.8
-32.05,-64.8
-32.1,-64.8
-32.15,-64.8
-32.2,-64.8
-32.25,-64.8
-32.3,-64.8
-32.35,-64.8
-32.4,-64.8
-32.45,-64.8
-32.5,-64.8
-32.55,-64.8
-32.6,-64.8
-32.65,-64.8
-32.7,-64.8
-32.75,-64.8
-32.8,-64.8
-32.85,-64.8
-32.9,-64.8
-32.95,-64.8
-33,-64.8
-33.05,-64.8
-33.1,-64.8
-33.15,-64.8
-33.2,-64.8
-33.25,-64.8
-33.3,-64.8
-33.35,-64.8
-33.4,-64.8
-33.45,-64.8
-33.5,-64.8
-33.55,-64.8
-33.6,-64.8
-33.65,-64.8
-33.7,-64.8
-33.75,-64.8
-33.8,-64.8
-33.85,-64.8
-33.9,-64.8
-33.95,-64.8
-34,-64.8
-34.05,-64.8
-34.1,-64.8
-34.15,-64.8
-34.2,-64.8
-34.25,-64.8
-34.3,-64.8
-34.35,-64.8
-34.4,-64.8
-34.45,-64.8
-34.5,-64.8
-34.55,-64.8
-34.6,-64.8
-34.65,-64.8
-34.7,-64.8
-34.75,-64.8
-31.6,-64.75
-31.65,-64.75
-31.7,-64.75
-31.75,-64.75
-31.8,-64.75
-31.85,-64.75
-31.9,-64.75
-31.95,-64.75
-32,-64.75
-32.05,-64.75
-32.1,-64.75
-32.15,-64.75
-32.2,-64.75
-32.25,-64.75
-32.3,-64.75
-32.35,-64.75
-32.4,-64.75
-32.45,-64.75
-32.5,-64.75
-32.55,-64.75
-32.6,-64.75
-32.65,-64.75
-32.7,-64.75
-32.75,-64.75
-32.8,-64.75
-32.85,-64.75
-32.9,-64.75
-32.95,-64.75
-33,-64.75
-33.05,-64.75
-33.1,-64.75
-33.15,-64.75
-33.2,-64.75
-33.25,-64.75
-33.3,-64.75
-33.35,-64.75
-33.4,-64.75
-33.45,-64.75
-33.5,-64.75
-33.55,-64.75
-33.6,-64.75
-33.65,-64.75
-33.7,-64.75
-33.75,-64.75
-33.8,-64.75
-33.85,-64.75
-33.9,-64.75
-33.95,-64.75
-34,-64.75
-34.05,-64.75
-34.1,-64.75
-34.15,-64.75
-34.2,-64.75
-34.25,-64.75
-34.3,-64.75
-34.35,-64.75
-34.4,-64.75
-34.45,-64.75
-34.5,-64.75
-34.55,-64.75
-34.6,-64.75
-34.65,-64.75
-34.7,-64.75
-34.75,-64.75
-31.6,-64.7
-31.65,-64.7
-31.7,-64.7
-31.75,-64.7
-31.8,-64.7
-31.85,-64.7
-31.9,-64.7
-31.95,-64.7
-32,-64.7
-32.05,-64.7
-32.1,-64.7
-32.15,-64.7
-32.2,-64.7
-32.25,-64.7
-32.3,-64.7
-32.35,-64.7
-32.4,-64.7
-32.45,-64.7
-32.5,-64.7
-32.55,-64.7
-32.6,-64.7
-32.65,-64.7
-32.7,-64.7
-32.75,-64.7
-32.8,-64.7
-32.85,-64.7
-32.9,-64.7
-32.95,-64.7
-33,-64.7
-33.05,-64.7
-33.1,-64.7
-33.15,-64.7
-33.2,-64.7
-33.25,-64.7
-33.3,-64.7
-33.35,-64.7
-33.4,-64.7
-33.45,-64.7
-33.5,-64.7
-33.55,-64.7
-33.6,-64.7
-33.65,-64.7
-33.7,-64.7
-33.75,-64.7
-33.8,-64.7
-33.85,-64.7
-33.9,-64.7
-33.95,-64.7
-34,-64.7
-34.05,-64.7
-34.1,-64.7
-34.15,-64.7
-34.2,-64.7
-34.25,-64.7
-34.3,-64.7
-34.35,-64.7
-34.4,-64.7
-34.45,-64.7
-34.5,-64.7
-34.55,-64.7
-34.6,-64.7
-34.65,-64.7
-34.7,-64.7
-34.75,-64.7
-31.6,-64.65
-31.65,-64.65
-31.7,-64.65
-31.75,-64.65
-31.8,-64.65
-31.85,-64.65
-31.9,-64.65
-31.95,-64.65
-32,-64.65
-32.05,-64.65
-32.1,-64.65
-32.15,-64.65
-32.2,-64.65
-32.25,-64.65
-32.3,-64.65
-32.35,-64.65
-32.4,-64.65
-32.45,-64.65
-32.5,-64.65
-32.55,-64.65
-32.6,-64.65
-32.65,-64.65
-32.7,-64.65
-32.75,-64.65
-32.8,-64.65
-32.85,-64.65
-32.9,-64.65
-32.95,-64.65
-33,-64.65
-33.05,-64.65
-33.1,-64.65
-33.15,-64.65
-33.2,-64.65
-33.25,-64.65
-33.3,-64.65
-33.35,-64.65
-33.4,-64.65
-33.45,-64.65
-33.5,-64.65
-33.55,-64.65
-33.6,-64.65
-33.65,-64.65
-33.7,-64.65
-33.75,-64.65
-33.8,-64.65
-33.85,-64.65
-33.9,-64.65
-33.95,-64.65
-34,-64.65
-34.05,-64.65
-34.1,-64.65
-34.15,-64.65
-34.2,-64.65
-34.25,-64.65
-34.3,-64.65
-34.35,-64.65
-34.4,-64.65
-34.45,-64.65
-34.5,-64.65
-34.55,-64.65
-34.6,-64.65
-34.65,-64.65
-34.7,-64.65
-34.75,-64.65
-31.6,-64.6
-31.65,-64.6
-31.7,-64.6
-31.75,-64.6
-31.8,-64.6
-31.85,-64.6
-31.9,-64.6
-31.95,-64.6
-32,-64.6
-32.05,-64.6
-32.1,-64.6
-32.15,-64.6
-32.2,-64.6
-32.25,-64.6
-32.3,-64.6
-32.35,-64.6
-32.4,-64.6
-32.45,-64.6
-32.5,-64.6
-32.55,-64.6
-32.6,-64.6
-32.65,-64.6
-32.7,-64.6
-32.75,-64.6
-32.8,-64.6
-32.85,-64.6
-32.9,-64.6
-32.95,-64.6
-33,-64.6
-33.05,-64.6
-33.1,-64.6
-33.15,-64.6
-33.2,-64.6
-33.25,-64.6
-33.3,-64.6
-33.35,-64.6
-33.4,-64.6
-33.45,-64.6
-33.5,-64.6
-33.55,-64.6
-33.6,-64.6
-33.65,-64.6
-33.7,-64.6
-33.75,-64.6
-33.8,-64.6
-33.85,-64.6
-33.9,-64.6
-33.95,-64.6
-34,-64.6
-34.05,-64.6
-34.1,-64.6
-34.15,-64.6
-34.2,-64.6
-34.25,-64.6
-34.3,-64.6
-34.35,-64.6
-34.4,-64.6
-34.45,-64.6
-34.5,-64.6
-34.55,-64.6
-34.6,-64.6
-34.65,-64.6
-34.7,-64.6
-34.75,-64.6
-31.6,-64.55
-31.65,-64.55
-31.7,-64.55
-31.75,-64.55
-31.8,-64.55
-31.85,-64.55
-31.9,-64.55
-31.95,-64.55
-32,-64.55
-32.05,-64.55
-32.1,-64.55
-32.15,-64.55
-32.2,-64.55
-32.25,-64.55
-32.3,-64.55
-32.35,-64.55
-32.4,-64.55
-32.45,-64.55
-32.5,-64.55
-32.55,-64.55
-32.6,-64.55
-32.65,-64.55
-32.7,-64.55
-32.75,-64.55
-32.8,-64.55
-32.85,-64.55
-32.9,-64.55
-32.95,-64.55
-33,-64.55
-33.05,-64.55
-33.1,-64.55
-33.15,-64.55
-33.2,-64.55
-33.25,-64.55
-33.3,-64.55
-33.35,-64.55
-33.4,-64.55
-33.45,-64.55
-33.5,-64.55
-33.55,-64.55
-33.6,-64.55
-33.65,-64.55
-33.7,-64.55
-33.75,-64.55
-33.8,-64.55
-33.85,-64.55
-33.9,-64.55
-33.95,-64.55
-34,-64.55
-34.05,-64.55
-34.1,-64.55
-34.15,-64.55
-34.2,-64.55
-34.25,-64.55
-34.3,-64.55
-34.35,-64.55
-34.4,-64.55
-34.45,-64.55
-34.5,-64.55
-34.55,-64.55
-34.6,-64.55
-34.65,-64.55
-34.7,-64.55
-34.75,-64.55
-31.6,-64.5
-31.65,-64.5
-31.7,-64.5
-31.75,-64.5
-31.8,-64.5
-31.85,-64.5
-31.9,-64.5
-31.95,-64.5
-32,-64.5
-32.05,-64.5
-32.1,-64.5
-32.15,-64.5
-32.2,-64.5
-32.25,-64.5
-32.3,-64.5
-32.35,-64.5
-32.4,-64.5
-32.45,-64.5
-32.5,-64.5
-32.55,-64.5
-32.6,-64.5
-32.65,-64.5
-32.7,-64.5
-32.75,-64.5
-32.8,-64.5
-32.85,-64.5
-32.9,-64.5
-32.95,-64.5
-33,-64.5
-33.05,-64.5
-33.1,-64.5
-33.15,-64.5
-33.2,-64.5
-33.25,-64.5
-33.3,-64.5
-33.35,-64.5
-33.4,-64.5
-33.45,-64.5
-33.5,-64.5
-33.55,-64.5
-33.6,-64.5
-33.65,-64.5
-33.7,-64.5
-33.75,-64.5
-33.8,-64.5
-33.85,-64.5
-33.9,-64.5
-33.95,-64.5
-34,-64.5
-34.05,-64.5
-34.1,-64.5
-34.15,-64.5
-34.2,-64.5
-34.25,-64.5
-34.3,-64.5
-34.35,-64.5
-34.4,-64.5
-34.45,-64.5
-34.5,-64.5
-34.55,-64.5
-34.6,-64.5
-34.65,-64.5
-34.7,-64.5
-34.75,-64.5
-31.6,-64.45
-31.65,-64.45
-31.7,-64.45
-31.75,-64.45
-31.8,-64.45
-31.85,-64.45
-31.9,-64.45
-31.95,-64.45
-32,-64.45
-32.05,-64.45
-32.1,-64.45
-32.15,-64.45
-32.2,-64.45
-32.25,-64.45
-32.3,-64.45
-32.35,-64.45
-32.4,-64.45
-32.45,-64.45
-32.5,-64.45
-32.55,-64.45
-32.6,-64.45
-32.65,-64.45
-32.7,-64.45
-32.75,-64.45
-32.8,-64.45
-32.85,-64.45
-32.9,-64.45
-32.95,-64.45
-33,-64.45
-33.05,-64.45
-33.1,-64.45
-33.15,-64.45
-33.2,-64.45
-33.25,-64.45
-33.3,-64.45
-33.35,-64.45
-33.4,-64.45
-33.45,-64.45
-33.5,-64.45
-33.55,-64.45
-33.6,-64.45
-33.65,-64.45
-33.7,-64.45
-33.75,-64.45
-33.8,-64.45
-33.85,-64.45
-33.9,-64.45
-33.95,-64.45
-34,-64.45
-34.05,-64.45
-34.1,-64.45
-34.15,-64.45
-34.2,-64.45
-34.25,-64.45
-34.3,-64.45
-34.35,-64.45
-34.4,-64.45
-34.45,-64.45
-34.5,-64.45
-34.55,-64.45
-34.6,-64.45
-34.65,-64.45
-34.7,-64.45
-34.75,-64.45
-31.6,-64.4
-31.65,-64.4
-31.7,-64.4
-31.75,-64.4
-31.8,-64.4
-31.85,-64.4
-31.9,-64.4
-31.95,-64.4
-32,-64.4
-32.05,-64.4
-32.1,-64.4
-32.15,-64.4
-32.2,-64.4
-32.25,-64.4
-32.3,-64.4
-32.35,-64.4
-32.4,-64.4
-32.45,-64.4
-32.5,-64.4
-32.55,-64.4
-32.6,-64.4
-32.65,-64.4
-32.7,-64.4
-32.75,-64.4
-32.8,-64.4
-32.85,-64.4
-32.9,-64.4
-32.95,-64.4
-33,-64.4
-33.05,-64.4
-33.1,-64.4
-33.15,-64.4
-33.2,-64.4
-33.25,-64.4
-33.3,-64.4
-33.35,-64.4
-33.4,-64.4
-33.45,-64.4
-33.5,-64.4
-33.55,-64.4
-33.6,-64.4
-33.65,-64.4
-33.7,-64.4
-33.75,-64.4
-33.8,-64.4
-33.85,-64.4
-33.9,-64.4
-33.95,-64.4
-34,-64.4
-34.05,-64.4
-34.1,-64.4
-34.15,-64.4
-34.2,-64.4
-34.25,-64.4
-34.3,-64.4
-34.35,-64.4
-34.4,-64.4
-34.45,-64.4
-34.5,-64.4
-34.55,-64.4
-34.6,-64.4
-34.65,-64.4
-34.7,-64.4
-34.75,-64.4
-31.6,-64.35
-31.65,-64.35
-31.7,-64.35
-31.75,-64.35
-31.8,-64.35
-31.85,-64.35
-31.9,-64.35
-31.95,-64.35
-32,-64.35
-32.05,-64.35
-32.1,-64.35
-32.15,-64.35
-32.2,-64.35
-32.25,-64.35
-32.3,-64.35
-32.35,-64.35
-32.4,-64.35
-32.45,-64.35
-32.5,-64.35
-32.55,-64.35
-32.6,-64.35
-32.65,-64.35
-32.7,-64.35
-32.75,-64.35
-32.8,-64.35
-32.85,-64.35
-32.9,-64.35
-32.95,-64.35
-33,-64.35
-33.05,-64.35
-33.1,-64.35
-33.15,-64.35
-33.2,-64.35
-33.25,-64.35
-33.3,-64.35
-33.35,-64.35
-33.4,-64.35
-33.45,-64.35
-33.5,-64.35
-33.55,-64.35
-33.6,-64.35
-33.65,-64.35
-33.7,-64.35
-33.75,-64.35
-33.8,-64.35
-33.85,-64.35
-33.9,-64.35
-33.95,-64.35
-34,-64.35
-34.05,-64.35
-34.1,-64.35
-34.15,-64.35
-34.2,-64.35
-34.25,-64.35
-34.3,-64.35
-34.35,-64.35
-34.4,-64.35
-34.45,-64.35
-34.5,-64.35
-34.55,-64.35
-34.6,-64.35
-34.65,-64.35
-34.7,-64.35
-34.75,-64.35
-31.6,-64.3
-31.65,-64.3
-31.7,-64.3
-31.75,-64.3
-31.8,-64.3
-31.85,-64.3
-31.9,-64.3
-31.95,-64.3
-32,-64.3
-32.05,-64.3
-32.1,-64.3
-32.15,-64.3
-32.2,-64.3
-32.25,-64.3
-32.3,-64.3
-32.35,-64.3
-32.4,-64.3
-32.45,-64.3
-32.5,-64.3
-32.55,-64.3
-32.6,-64.3
-32.65,-64.3
-32.7,-64.3
-32.75,-64.3
-32.8,-64.3
-32.85,-64.3
-32.9,-64.3
-32.95,-64.3
-33,-64.3
-33.05,-64.3
-33.1,-64.3
-33.15,-64.3
-33.2,-64.3
-33.25,-64.3
-33.3,-64.3
-33.35,-64.3
-33.4,-64.3
-33.45,-64.3
-33.5,-64.3
-33.55,-64.3
-33.6,-64.3
-33.65,-64.3
-33.7,-64.3
-33.75,-64.3
-33.8,-64.3
-33.85,-64.3
-33.9,-64.3
-33.95,-64.3
-34,-64.3
-34.05,-64.3
-34.1,-64.3
-34.15,-64.3
-34.2,-64.3
-34.25,-64.3
-34.3,-64.3
-34.35,-64.3
-34.4,-64.3
-34.45,-64.3
-34.5,-64.3
-34.55,-64.3
-34.6,-64.3
-34.65,-64.3
-34.7,-64.3
-34.75,-64.3
-31.6,-64.25
-31.65,-64.25
-31.7,-64.25
-31.75,-64.25
-31.8,-64.25
-31.85,-64.25
-31.9,-64.25
-31.95,-64.25
-32,-64.25
-32.05,-64.25
-32.1,-64.25
-32.15,-64.25
-32.2,-64.25
-32.25,-64.25
-32.3,-64.25
-32.35,-64.25
-32.4,-64.25
-32.45,-64.25
-32.5,-64.25
-32.55,-64.25
-32.6,-64.25
-32.65,-64.25
-32.7,-64.25
-32.75,-64.25
-32.8,-64.25
-32.85,-64.25
-32.9,-64.25
-32.95,-64.25
-33,-64.25
-33.05,-64.25
-33.1,-64.25
-33.15,-64.25
-33.2,-64.25
-33.25,-64.25
-33.3,-64.25
-33.35,-64.25
-33.4,-64.25
-33.45,-64.25
-33.5,-64.25
-33.55,-64.25
-33.6,-64.25
-33.65,-64.25
-33.7,-64.25
-33.75,-64.25
-33.8,-64.25
-33.85,-64.25
-33.9,-64.25
-33.95,-64.25
-34,-64.25
-34.05,-64.25
-34.1,-64.25
-34.15,-64.25
-34.2,-64.25
-34.25,-64.25
-34.3,-64.25
-34.35,-64.25
-34.4,-64.25
-34.45,-64.25
-34.5,-64.25
-34.55,-64.25
-34.6,-64.25
-34.65,-64.25
-34.7,-64.25
-34.75,-64.25
-31.6,-64.2
-31.65,-64.2
-31.7,-64.2
-31.75,-64.2
-31.8,-64.2
-31.85,-64.2
-31.9,-64.2
-31.95,-64.2
-32,-64.2
-32.05,-64.2
-32.1,-64.2
-32.15,-64.2
-32.2,-64.2
-32.25,-64.2
-32.3,-64.2
-32.35,-64.2
-32.4,-64.2
-32.45,-64.2
-32.5,-64.2
-32.55,-64.2
-32.6,-64.2
-32.65,-64.2
-32.7,-64.2
-32.75,-64.2
-32.8,-64.2
-32.85,-64.2
-32.9,-64.2
-32.95,-64.2
-33,-64.2
-33.05,-64.2
-33.1,-64.2
-33.15,-64.2
-33.2,-64.2
-33.25,-64.2
-33.3,-64.2
-33.35,-64.2
-33.4,-64.2
-33.45,-64.2
-33.5,-64.2
-33.55,-64.2
-33.6,-64.2
-33.65,-64.2
-33.7,-64.2
-33.75,-64.2
-33.8,-64.2
-33.85,-64.2
-33.9,-64.2
-33.95,-64.2
-34,-64.2
-34.05,-64.2
-34.1,-64.2
-34.15,-64.2
-34.2,-64.2
-34.25,-64.2
-34.3,-64.2
-34.35,-64.2
-34.4,-64.2
-34.45,-64.2
-34.5,-64.2
-34.55,-64.2
-34.6,-64.2
-34.65,-64.2
-34.7,-64.2
-34.75,-64.2
-31.6,-64.15
-31.65,-64.15
-31.7,-64.15
-31.75,-64.15
-31.8,-64.15
-31.85,-64.15
-31.9,-64.15
-31.95,-64.15
-32,-64.15
-32.05,-64.15
-32.1,-64.15
-32.15,-64.15
-32.2,-64.15
-32.25,-64.15
-32.3,-64.15
-32.35,-64.15
-32.4,-64.15
-32.45,-64.15
-32.5,-64.15
-32.55,-64.15
-32.6,-64.15
-32.65,-64.15
-32.7,-64.15
-32.75,-64.15
-32.8,-64.15
-32.85,-64.15
-32.9,-64.15
-32.95,-64.15
-33,-64.15
-33.05,-64.15
-33.1,-64.15
-33.15,-64.15
-33.2,-64.15
-33.25,-64.15
-33.3,-64.15
-33.35,-64.15
-33.4,-64.15
-33.45,-64.15
-33.5,-64.15
-33.55,-64.15
-33.6,-64.15
-33.65,-64.15
-33.7,-64.15
-33.75,-64.15
-33.8,-64.15
-33.85,-64.15
-33.9,-64.15
-33.95,-64.15
-34,-64.15
-34.05,-64.15
-34.1,-64.15
-34.15,-64.15
-34.2,-64.15
-34.25,-64.15
-34.3,-64.15
-34.35,-64.15
-34.4,-64.15
-34.45,-64.15
-34.5,-64.15
-34.55,-64.15
-34.6,-64.15
-34.65,-64.15
-34.7,-64.15
-34.75,-64.15
-31.6,-64.1
-31.65,-64.1
-31.7,-64.1
-31.75,-64.1
-31.8,-64.1
-31.85,-64.1
-31.9,-64.1
-31.95,-64.1
-32,-64.1
-32.05,-64.1
-32.1,-64.1
-32.15,-64.1
-32.2,-64.1
-32.25,-64.1
-32.3,-64.1
-32.35,-64.1
-32.4,-64.1
-32.45,-64.1
-32.5,-64.1
-32.55,-64.1
-32.6,-64.1
-32.65,-64.1
-32.7,-64.1
-32.75,-64.1
-32.8,-64.1
-32.85,-64.1
-32.9,-64.1
-32.95,-64.1
-33,-64.1
-33.05,-64.1
-33.1,-64.1
-33.15,-64.1
-33.2,-64.1
-33.25,-64.1
-33.3,-64.1
-33.35,-64.1
-33.4,-64.1
-33.45,-64.1
-33.5,-64.1
-33.55,-64.1
-33.6,-64.1
-33.65,-64.1
-33.7,-64.1
-33.75,-64.1
-33.8,-64.1
-33.85,-64.1
-33.9,-64.1
-33.95,-64.1
-34,-64.1
-34.05,-64.1
-34.1,-64.1
-34.15,-64.1
-34.2,-64.1
-34.25,-64.1
-34.3,-64.1
-34.35,-64.1
-34.4,-64.1
-34.45,-64.1
-34.5,-64.1
-34.55,-64.1
-34.6,-64.1
-34.65,-64.1
-34.7,-64.1
-34.75,-64.1
-31.6,-64.05
-31.65,-64.05
-31.7,-64.05
-31.75,-64.05
-31.8,-64.05
-31.85,-64.05
-31.9,-64.05
-31.95,-64.05
-32,-64.05
-32.05,-64.05
-32.1,-64.05
-32.15,-64.05
-32.2,-64.05
-32.25,-64.05
-32.3,-64.05
-32.35,-64.05
-32.4,-64.05
-32.45,-64.05
-32.5,-64.05
-32.55,-64.05
-32.6,-64.05
-32.65,-64.05
-32.7,-64.05
-32.75,-64.05
-32.8,-64.05
-32.85,-64.05
-32.9,-64.05
-32.95,-64.05
-33,-64.05
-33.05,-64.05
-33.1,-64.05
-33.15,-64.05
-33.2,-64.05
-33.25,-64.05
-33.3,-64.05
-33.35,-64.05
-33.4,-64.05
-33.45,-64.05
-33.5,-64.05
-33.55,-64.05
-33.6,-64.05
-33.65,-64.05
-33.7,-64.05
-33.75,-64.05
-33.8,-64.05
-33.85,-64.05
-33.9,-64.05
-33.95,-64.05
-34,-64.05
-34.05,-64.05
-34.1,-64.05
-34.15,-64.05
-34.2,-64.05
-34.25,-64.05
-34.3,-64.05
-34.35,-64.05
-34.4,-64.05
-34.45,-64.05
-34.5,-64.05
-34.55,-64.05
-34.6,-64.05
-34.65,-64.05
-34.7,-64.05
-34.75,-64.05
-31.6,-64
-31.65,-64
-31.7,-64
-31.75,-64
-31.8,-64
-31.85,-64
-31.9,-64
-31.95,-64
-32,-64
-32.05,-64
-32.1,-64
-32.15,-64
-32.2,-64
-32.25,-64
-32.3,-64
-32.35,-64
-32.4,-64
-32.45,-64
-32.5,-64
-32.55,-64
-32.6,-64
-32.65,-64
-32.7,-64
-32.75,-64
-32.8,-64
-32.85,-64
-32.9,-64
-32.95,-64
-33,-64
-33.05,-64
-33.1,-64
-33.15,-64
-33.2,-64
-33.25,-64
-33.3,-64
-33.35,-64
-33.4,-64
-33.45,-64
-33.5,-64
-33.55,-64
-33.6,-64
-33.65,-64
-33.7,-64
-33.75,-64
-33.8,-64
-33.85,-64
-33.9,-64
-33.95,-64
-34,-64
-34.05,-64
-34.1,-64
-34.15,-64
-34.2,-64
-34.25,-64
-34.3,-64
-34.35,-64
-34.4,-64
-34.45,-64
-34.5,-64
-34.55,-64
-34.6,-64
-34.65,-64
-34.7,-64
-34.75,-64
-31.6,-63.95
-31.65,-63.95
-31.7,-63.95
-31.75,-63.95
-31.8,-63.95
-31.85,-63.95
-31.9,-63.95
-31.95,-63.95
-32,-63.95
-32.05,-63.95
-32.1,-63.95
-32.15,-63.95
-32.2,-63.95
-32.25,-63.95
-32.3,-63.95
-32.35,-63.95
-32.4,-63.95
-32.45,-63.95
-32.5,-63.95
-32.55,-63.95
-32.6,-63.95
-32.65,-63.95
-32.7,-63.95
-32.75,-63.95
-32.8,-63.95
-32.85,-63.95
-32.9,-63.95
-32.95,-63.95
-33,-63.95
-33.05,-63.95
-33.1,-63.95
-33.15,-63.95
-33.2,-63.95
-33.25,-63.95
-33.3,-63.95
-33.35,-63.95
-33.4,-63.95
-33.45,-63.95
-33.5,-63.95
-33.55,-63.95
-33.6,-63.95
-33.65,-63.95
-33.7,-63.95
-33.75,-63.95
-33.8,-63.95
-33.85,-63.95
-33.9,-63.95
-33.95,-63.95
-34,-63.95
-34.05,-63.95
-34.1,-63.95
-34.15,-63.95
-34.2,-63.95
-34.25,-63.95
-34.3,-63.95
-34.35,-63.95
-34.4,-63.95
-34.45,-63.95
-34.5,-63.95
-34.55,-63.95
-34.6,-63.95
-34.65,-63.95
-34.7,-63.95
-34.75,-63.95
-31.6,-63.9
-31.65,-63.9
-31.7,-63.9
-31.75,-63.9
-31.8,-63.9
-31.85,-63.9
-31.9,-63.9
-31.95,-63.9
-32,-63.9
-32.05,-63.9
-32.1,-63.9
-32.15,-63.9
-32.2,-63.9
-32.25,-63.9
-32.3,-63.9
-32.35,-63.9
-32.4,-63.9
-32.45,-63.9
-32.5,-63.9
-32.55,-63.9
-32.6,-63.9
-32.65,-63.9
-32.7,-63.9
-32.75,-63.9
-32.8,-63.9
-32.85,-63.9
-32.9,-63.9
-32.95,-63.9
-33,-63.9
-33.05,-63.9
-33.1,-63.9
-33.15,-63.9
-33.2,-63.9
-33.25,-63.9
-33.3,-63.9
-33.35,-63.9
-33.4,-63.9
-33.45,-63.9
-33.5,-63.9
-33.55,-63.9
-33.6,-63.9
-33.65,-63.9
-33.7,-63.9
-33.75,-63.9
-33.8,-63.9
-33.85,-63.9
-33.9,-63.9
-33.95,-63.9
-34,-63.9
-34.05,-63.9
-34.1,-63.9
-34.15,-63.9
-34.2,-63.9
-34.25,-63.9
-34.3,-63.9
-34.35,-63.9
-34.4,-63.9
-34.45,-63.9
-34.5,-63.9
-34.55,-63.9
-34.6,-63.9
-34.65,-63.9
-34.7,-63.9
-34.75,-63.9
-31.6,-63.85
-31.65,-63.85
-31.7,-63.85
-31.75,-63.85
-31.8,-63.85
-31.85,-63.85
-31.9,-63.85
-31.95,-63.85
-32,-63.85
-32.05,-63.85
-32.1,-63.85
-32.15,-63.85
-32.2,-63.85
-32.25,-63.85
-32.3,-63.85
-32.35,-63.85
-32.4,-63.85
-32.45,-63.85
-32.5,-63.85
-32.55,-63.85
-32.6,-63.85
-32.65,-63.85
-32.7,-63.85
-32.75,-63.85
-32.8,-63.85
-32.85,-63.85
-32.9,-63.85
-32.95,-63.85
-33,-63.85
-33.05,-63.85
-33.1,-63.85
-33.15,-63.85
-33.2,-63.85
-33.25,-63.85
-33.3,-63.85
-33.35,-63.85
-33.4,-63.85
-33.45,-63.85
-33.5,-63.85
-33.55,-63.85
-33.6,-63.85
-33.65,-63.85
-33.7,-63.85
-33.75,-63.85
-33.8,-63.85
-33.85,-63.85
-33.9,-63.85
-33.95,-63.85
-34,-63.85
-34.05,-63.85
-34.1,-63.85
-34.15,-63.85
-34.2,-63.85
-34.25,-63.85
-34.3,-63.85
-34.35,-63.85
-34.4,-63.85
-34.45,-63.85
-34.5,-63.85
-34.55,-63.85
-34.6,-63.85
-34.65,-63.85
-34.7,-63.85
-34.75,-63.85
-31.6,-63.8
-31.65,-63.8
-31.7,-63.8
-31.75,-63.8
-31.8,-63.8
-31.85,-63.8
-31.9,-63.8
-31.95,-63.8
-32,-63.8
-32.05,-63.8
-32.1,-63.8
-32.15,-63.8
-32.2,-63.8
-32.25,-63.8
-32.3,-63.8
-32.35,-63.8
-32.4,-63.8
-32.45,-63.8
-32.5,-63.8
-32.55,-63.8
-32.6,-63.8
-32.65,-63.8
-32.7,-63.8
-32.75,-63.8
-32.8,-63.8
-32.85,-63.8
-32.9,-63.8
-32.95,-63.8
-33,-63.8
-33.05,-63.8
-33.1,-63.8
-33.15,-63.8
-33.2,-63.8
-33.25,-63.8
-33.3,-63.8
-33.35,-63.8
-33.4,-63.8
-33.45,-63.8
-33.5,-63.8
-33.55,-63.8
-33.6,-63.8
-33.65,-63.8
-33.7,-63.8
-33.75,-63.8
-33.8,-63.8
-33.85,-63.8
-33.9,-63.8
-33.95,-63.8
-34,-63.8
-34.05,-63.8
-34.1,-63.8
-34.15,-63.8
-34.2,-63.8
-34.25,-63.8
-34.3,-63.8
-34.35,-63.8
-34.4,-63.8
-34.45,-63.8
-34.5,-63.8
-34.55,-63.8
-34.6,-63.8
-34.65,-63.8
-34.7,-63.8
-34.75,-63.8
-31.6,-63.75
-31.65,-63.75
-31.7,-63.75
-31.75,-63.75
-31.8,-63.75
-31.85,-63.75
-31.9,-63.75
-31.95,-63.75
-32,-63.75
-32.05,-63.75
-32.1,-63.75
-32.15,-63.75
-32.2,-63.75
-32.25,-63.75
-32.3,-63.75
-32.35,-63.75
-32.4,-63.75
-32.45,-63.75
-32.5,-63.75
-32.55,-63.75
-32.6,-63.75
-32.65,-63.75
-32.7,-63.75
-32.75,-63.75
-32.8,-63.75
-32.85,-63.75
-32.9,-63.75
-32.95,-63.75
-33,-63.75
-33.05,-63.75
-33.1,-63.75
-33.15,-63.75
-33.2,-63.75
-33.25,-63.75
-33.3,-63.75
-33.35,-63.75
-33.4,-63.75
-33.45,-63.75
-33.5,-63.75
-33.55,-63.75
-33.6,-63.75
-33.65,-63.75
-33.7,-63.75
-33.75,-63.75
-33.8,-63.75
-33.85,-63.75
-33.9,-63.75
-33.95,-63.75
-34,-63.75
-34.05,-63.75
-34.1,-63.75
-34.15,-63.75
-34.2,-63.75
-34.25,-63.75
-34.3,-63.75
-34.35,-63.75
-34.4,-63.75
-34.45,-63.75
-34.5,-63.75
-34.55,-63.75
-34.6,-63.75
-34.65,-63.75
-34.7,-63.75
-34.75,-63.75
-31.6,-63.7
-31.65,-63.7
-31.7,-63.7
-31.75,-63.7
-31.8,-63.7
-31.85,-63.7
-31.9,-63.7
-31.95,-63.7
-32,-63.7
-32.05,-63.7
-32.1,-63.7
-32.15,-63.7
-32.2,-63.7
-32.25,-63.7
-32.3,-63.7
-32.35,-63.7
-32.4,-63.7
-32.45,-63.7
-32.5,-63.7
-32.55,-63.7
-32.6,-63.7
-32.65,-63.7
-32.7,-63.7
-32.75,-63.7
-32.8,-63.7
-32.85,-63.7
-32.9,-63.7
-32.95,-63.7
-33,-63.7
-33.05,-63.7
-33.1,-63.7
-33.15,-63.7
-33.2,-63.7
-33.25,-63.7
-33.3,-63.7
-33.35,-63.7
-33.4,-63.7
-33.45,-63.7
-33.5,-63.7
-33.55,-63.7
-33.6,-63.7
-33.65,-63.7
-33.7,-63.7
-33.75,-63.7
-33.8,-63.7
-33.85,-63.7
-33.9,-63.7
-33.95,-63.7
-34,-63.7
-34.05,-63.7
-34.1,-63.7
-34.15,-63.7
-34.2,-63.7
-34.25,-63.7
-34.3,-63.7
-34.35,-63.7
-34.4,-63.7
-34.45,-63.7
-34.5,-63.7
-34.55,-63.7
-34.6,-63.7
-34.65,-63.7
-34.7,-63.7
-34.75,-63.7
-31.6,-63.65
-31.65,-63.65
-31.7,-63.65
-31.75,-63.65
-31.8,-63.65
-31.85,-63.65
-31.9,-63.65
-31.95,-63.65
-32,-63.65
-32.05,-63.65
-32.1,-63.65
-32.15,-63.65
-32.2,-63.65
-32.25,-63.65
-32.3,-63.65
-32.35,-63.65
-32.4,-63.65
-32.45,-63.65
-32.5,-63.65
-32.55,-63.65
-32.6,-63.65
-32.65,-63.65
-32.7,-63.65
-32.75,-63.65
-32.8,-63.65
-32.85,-63.65
-32.9,-63.65
-32.95,-63.65
-33,-63.65
-33.05,-63.65
-33.1,-63.65
-33.15,-63.65
-33.2,-63.65
-33.25,-63.65
-33.3,-63.65
-33.35,-63.65
-33.4,-63.65
-33.45,-63.65
-33.5,-63.65
-33.55,-63.65
-33.6,-63.65
-33.65,-63.65
-33.7,-63.65
-33.75,-63.65
-33.8,-63.65
-33.85,-63.65
-33.9,-63.65
-33.95,-63.65
-34,-63.65
-34.05,-63.65
-34.1,-63.65
-34.15,-63.65
-34.2,-63.65
-34.25,-63.65
-34.3,-63.65
-34.35,-63.65
-34.4,-63.65
-34.45,-63.65
-34.5,-63.65
-34.55,-63.65
-34.6,-63.65
-34.65,-63.65
-34.7,-63.65
-34.75,-63.65
-31.6,-63.6
-31.65,-63.6
-31.7,-63.6
-31.75,-63.6
-31.8,-63.6
-31.85,-63.6
-31.9,-63.6
-31.95,-63.6
-32,-63.6
-32.05,-63.6
-32.1,-63.6
-32.15,-63.6
-32.2,-63.6
-32.25,-63.6
-32.3,-63.6
-32.35,-63.6
-32.4,-63.6
-32.45,-63.6
-32.5,-63.6
-32.55,-63.6
-32.6,-63.6
-32.65,-63.6
-32.7,-63.6
-32.75,-63.6
-32.8,-63.6
-32.85,-63.6
-32.9,-63.6
-32.95,-63.6
-33,-63.6
-33.05,-63.6
-33.1,-63.6
-33.15,-63.6
-33.2,-63.6
-33.25,-63.6
-33.3,-63.6
-33.35,-63.6
-33.4,-63.6
-33.45,-63.6
-33.5,-63.6
-33.55,-63.6
-33.6,-63.6
-33.65,-63.6
-33.7,-63.6
-33.75,-63.6
-33.8,-63.6
-33.85,-63.6
-33.9,-63.6
-33.95,-63.6
-34,-63.6
-34.05,-63.6
-34.1,-63.6
-34.15,-63.6
-34.2,-63.6
-34.25,-63.6
-34.3,-63.6
-34.35,-63.6
-34.4,-63.6
-34.45,-63.6
-34.5,-63.6
-34.55,-63.6
-34.6,-63.6
-34.65,-63.6
-34.7,-63.6
-34.75,-63.6
-31.6,-63.55
-31.65,-63.55
-31.7,-63.55
-31.75,-63.55
-31.8,-63.55
-31.85,-63.55
-31.9,-63.55
-31.95,-63.55
-32,-63.55
-32.05,-63.55
-32.1,-63.55
-32.15,-63.55
-32.2,-63.55
-32.25,-63.55
-32.3,-63.55
-32.35,-63.55
-32.4,-63.55
-32.45,-63.55
-32.5,-63.55
-32.55,-63.55
-32.6,-63.55
-32.65,-63.55
-32.7,-63.55
-32.75,-63.55
-32.8,-63.55
-32.85,-63.55
-32.9,-63.55
-32.95,-63.55
-33,-63.55
-33.05,-63.55
-33.1,-63.55
-33.15,-63.55
-33.2,-63.55
-33.25,-63.55
-33.3,-63.55
-33.35,-63.55
-33.4,-63.55
-33.45,-63.55
-33.5,-63.55
-33.55,-63.55
-33.6,-63.55
-33.65,-63.55
-33.7,-63.55
-33.75,-63.55
-33.8,-63.55
-33.85,-63.55
-33.9,-63.55
-33.95,-63.55
-34,-63.55
-34.05,-63.55
-34.1,-63.55
-34.15,-63.55
-34.2,-63.55
-34.25,-63.55
-34.3,-63.55
-34.35,-63.55
-34.4,-63.55
-34.45,-63.55
-34.5,-63.55
-34.55,-63.55
-34.6,-63.55
-34.65,-63.55
-34.7,-63.55
-34.75,-63.55
-31.6,-63.5
-31.65,-63.5
-31.7,-63.5
-31.75,-63.5
-31.8,-63.5
-31.85,-63.5
-31.9,-63.5
-31.95,-63.5
-32,-63.5
-32.05,-63.5
-32.1,-63.5
-32.15,-63.5
-32.2,-63.5
-32.25,-63.5
-32.3,-63.5
-32.35,-63.5
-32.4,-63.5
-32.45,-63.5
-32.5,-63.5
-32.55,-63.5
-32.6,-63.5
-32.65,-63.5
-32.7,-63.5
-32.75,-63.5
-32.8,-63.5
-32.85,-63.5
-32.9,-63.5
-32.95,-63.5
-33,-63.5
-33.05,-63.5
-33.1,-63.5
-33.15,-63.5
-33.2,-63.5
-33.25,-63.5
-33.3,-63.5
-33.35,-63.5
-33.4,-63.5
-33.45,-63.5
-33.5,-63.5
-33.55,-63.5
-33.6,-63.5
-33.65,-63.5
-33.7,-63.5
-33.75,-63.5
-33.8,-63.5
-33.85,-63.5
-33.9,-63.5
-33.95,-63.5
-34,-63.5
-34.05,-63.5
-34.1,-63.5
-34.15,-63.5
-34.2,-63.5
-34.25,-63.5
-34.3,-63.5
-34.35,-63.5
-34.4,-63.5
-34.45,-63.5
-34.5,-63.5
-34.55,-63.5
-34.6,-63.5
-34.65,-63.5
-34.7,-63.5
-34.75,-63.5
-31.6,-63.45
-31.65,-63.45
-31.7,-63.45
-31.75,-63.45
-31.8,-63.45
-31.85,-63.45
-31.9,-63.45
-31.95,-63.45
-32,-63.45
-32.05,-63.45
-32.1,-63.45
-32.15,-63.45
-32.2,-63.45
-32.25,-63.45
-32.3,-63.45
-32.35,-63.45
-32.4,-63.45
-32.45,-63.45
-32.5,-63.45
-32.55,-63.45
-32.6,-63.45
-32.65,-63.45
-32.7,-63.45
-32.75,-63.45
-32.8,-63.45
-32.85,-63.45
-32.9,-63.45
-32.95,-63.45
-33,-63.45
-33.05,-63.45
-33.1,-63.45
-33.15,-63.45
-33.2,-63.45
-33.25,-63.45
-33.3,-63.45
-33.35,-63.45
-33.4,-63.45
-33.45,-63.45
-33.5,-63.45
-33.55,-63.45
-33.6,-63.45
-33.65,-63.45
-33.7,-63.45
-33.75,-63.45
-33.8,-63.45
-33.85,-63.45
-33.9,-63.45
-33.95,-63.45
-34,-63.45
-34.05,-63.45
-34.1,-63.45
-34.15,-63.45
-34.2,-63.45
-34.25,-63.45
-34.3,-63.45
-34.35,-63.45
-34.4,-63.45
-34.45,-63.45
-34.5,-63.45
-34.55,-63.45
-34.6,-63.45
-34.65,-63.45
-34.7,-63.45
-34.75,-63.45
-31.6,-63.4
-31.65,-63.4
-31.7,-63.4
-31.75,-63.4
-31.8,-63.4
-31.85,-63.4
-31.9,-63.4
-31.95,-63.4
-32,-63.4
-32.05,-63.4
-32.1,-63.4
-32.15,-63.4
-32.2,-63.4
-32.25,-63.4
-32.3,-63.4
-32.35,-63.4
-32.4,-63.4
-32.45,-63.4
-32.5,-63.4
-32.55,-63.4
-32.6,-63.4
-32.65,-63.4
-32.7,-63.4
-32.75,-63.4
-32.8,-63.4
-32.85,-63.4
-32.9,-63.4
-32.95,-63.4
-33,-63.4
-33.05,-63.4
-33.1,-63.4
-33.15,-63.4
-33.2,-63.4
-33.25,-63.4
-33.3,-63.4
-33.35,-63.4
-33.4,-63.4
-33.45,-63.4
-33.5,-63.4
-33.55,-63.4
-33.6,-63.4
-33.65,-63.4
-33.7,-63.4
-33.75,-63.4
-33.8,-63.4
-33.85,-63.4
-33.9,-63.4
-33.95,-63.4
-34,-63.4
-34.05,-63.4
-34.1,-63.4
-34.15,-63.4
-34.2,-63.4
-34.25,-63.4
-34.3,-63.4
-34.35,-63.4
-34.4,-63.4
-34.45,-63.4
-34.5,-63.4
-34.55,-63.4
-34.6,-63.4
-34.65,-63.4
-34.7,-63.4
-34.75,-63.4
-31.6,-63.35
-31.65,-63.35
-31.7,-63.35
-31.75,-63.35
-31.8,-63.35
-31.85,-63.35
-31.9,-63.35
-31.95,-63.35
-32,-63.35
-32.05,-63.35
-32.1,-63.35
-32.15,-63.35
-32.2,-63.35
-32.25,-63.35
-32.3,-63.35
-32.35,-63.35
-32.4,-63.35
-32.45,-63.35
-32.5,-63.35
-32.55,-63.35
-32.6,-63.35
-32.65,-63.35
-32.7,-63.35
-32.75,-63.35
-32.8,-63.35
-32.85,-63.35
-32.9,-63.35
-32.95,-63.35
-33,-63.35
-33.05,-63.35
-33.1,-63.35
-33.15,-63.35
-33.2,-63.35
-33.25,-63.35
-33.3,-63.35
-33.35,-63.35
-33.4,-63.35
-33.45,-63.35
-33.5,-63.35
-33.55,-63.35
-33.6,-63.35
-33.65,-63.35
-33.7,-63.35
-33.75,-63.35
-33.8,-63.35
-33.85,-63.35
-33.9,-63.35
-33.95,-63.35
-34,-63.35
-34.05,-63.35
-34.1,-63.35
-34.15,-63.35
-34.2,-63.35
-34.25,-63.35
-34.3,-63.35
-34.35,-63.35
-34.4,-63.35
-34.45,-63.35
-34.5,-63.35
-34.55,-63.35
-34.6,-63.35
-34.65,-63.35
-34.7,-63.35
-34.75,-63.35
-31.6,-63.3
-31.65,-63.3
-31.7,-63.3
-31.75,-63.3
-31.8,-63.3
-31.85,-63.3
-31.9,-63.3
-31.95,-63.3
-32,-63.3
-32.05,-63.3
-32.1,-63.3
-32.15,-63.3
-32.2,-63.3
-32.25,-63.3
-32.3,-63.3
-32.35,-63.3
-32.4,-63.3
-32.45,-63.3
-32.5,-63.3
-32.55,-63.3
-32.6,-63.3
-32.65,-63.3
-32.7,-63.3
-32.75,-63.3
-32.8,-63.3
-32.85,-63.3
-32.9,-63.3
-32.95,-63.3
-33,-63.3
-33.05,-63.3
-33.1,-63.3
-33.15,-63.3
-33.2,-63.3
-33.25,-63.3
-33.3,-63.3
-33.35,-63.3
-33.4,-63.3
-33.45,-63.3
-33.5,-63.3
-33.55,-63.3
-33.6,-63.3
-33.65,-63.3
-33.7,-63.3
-33.75,-63.3
-33.8,-63.3
-33.85,-63.3
-33.9,-63.3
-33.95,-63.3
-34,-63.3
-34.05,-63.3
-34.1,-63.3
-34.15,-63.3
-34.2,-63.3
-34.25,-63.3
-34.3,-63.3
-34.35,-63.3
-34.4,-63.3
-34.45,-63.3
-34.5,-63.3
-34.55,-63.3
-34.6,-63.3
-34.65,-63.3
-34.7,-63.3
-34.75,-63.3
-31.6,-63.25
-31.65,-63.25
-31.7,-63.25
-31.75,-63.25
-31.8,-63.25
-31.85,-63.25
-31.9,-63.25
-31.95,-63.25
-32,-63.25
-32.05,-63.25
-32.1,-63.25
-32.15,-63.25
-32.2,-63.25
-32.25,-63.25
-32.3,-63.25
-32.35,-63.25
-32.4,-63.25
-32.45,-63.25
-32.5,-63.25
-32.55,-63.25
-32.6,-63.25
-32.65,-63.25
-32.7,-63.25
-32.75,-63.25
-32.8,-63.25
-32.85,-63.25
-32.9,-63.25
-32.95,-63.25
-33,-63.25
-33.05,-63.25
-33.1,-63.25
-33.15,-63.25
-33.2,-63.25
-33.25,-63.25
-33.3,-63.25
-33.35,-63.25
-33.4,-63.25
-33.45,-63.25
-33.5,-63.25
-33.55,-63.25
-33.6,-63.25
-33.65,-63.25
-33.7,-63.25
-33.75,-63.25
-33.8,-63.25
-33.85,-63.25
-33.9,-63.25
-33.95,-63.25
-34,-63.25
-34.05,-63.25
-34.1,-63.25
-34.15,-63.25
-34.2,-63.25
-34.25,-63.25
-34.3,-63.25
-34.35,-63.25
-34.4,-63.25
-34.45,-63.25
-34.5,-63.25
-34.55,-63.25
-34.6,-63.25
-34.65,-63.25
-34.7,-63.25
-34.75,-63.25
-31.6,-63.2
-31.65,-63.2
-31.7,-63.2
-31.75,-63.2
-31.8,-63.2
-31.85,-63.2
-31.9,-63.2
-31.95,-63.2
-32,-63.2
-32.05,-63.2
-32.1,-63.2
-32.15,-63.2
-32.2,-63.2
-32.25,-63.2
-32.3,-63.2
-32.35,-63.2
-32.4,-63.2
-32.45,-63.2
-32.5,-63.2
-32.55,-63.2
-32.6,-63.2
-32.65,-63.2
-32.7,-63.2
-32.75,-63.2
-32.8,-63.2
-32.85,-63.2
-32.9,-63.2
-32.95,-63.2
-33,-63.2
-33.05,-63.2
-33.1,-63.2
-33.15,-63.2
-33.2,-63.2
-33.25,-63.2
-33.3,-63.2
-33.35,-63.2
-33.4,-63.2
-33.45,-63.2
-33.5,-63.2
-33.55,-63.2
-33.6,-63.2
-33.65,-63.2
-33.7,-63.2
-33.75,-63.2
-33.8,-63.2
-33.85,-63.2
-33.9,-63.2
-33.95,-63.2
-34,-63.2
-34.05,-63.2
-34.1,-63.2
-34.15,-63.2
-34.2,-63.2
-34.25,-63.2
-34.3,-63.2
-34.35,-63.2
-34.4,-63.2
-34.45,-63.2
-34.5,-63.2
-34.55,-63.2
-34.6,-63.2
-34.65,-63.2
-34.7,-63.2
-34.75,-63.2
-31.6,-63.15
-31.65,-63.15
-31.7,-63.15
-31.75,-63.15
-31.8,-63.15
-31.85,-63.15
-31.9,-63.15
-31.95,-63.15
-32,-63.15
-32.05,-63.15
-32.1,-63.15
-32.15,-63.15
-32.2,-63.15
-32.25,-63.15
-32.3,-63.15
-32.35,-63.15
-32.4,-63.15
-32.45,-63.15
-32.5,-63.15
-32.55,-63.15
-32.6,-63.15
-32.65,-63.15
-32.7,-63.15
-32.75,-63.15
-32.8,-63.15
-32.85,-63.15
-32.9,-63.15
-32.95,-63.15
-33,-63.15
-33.05,-63.15
-33.1,-63.15
-33.15,-63.15
-33.2,-63.15
-33.25,-63.15
-33.3,-63.15
-33.35,-63.15
-33.4,-63.15
-33.45,-63.15
-33.5,-63.15
-33.55,-63.15
-33.6,-63.15
-33.65,-63.15
-33.7,-63.15
-33.75,-63.15
-33.8,-63.15
-33.85,-63.15
-33.9,-63.15
-33.95,-63.15
-34,-63.15
-34.05,-63.15
-34.1,-63.15
-34.15,-63.15
-34.2,-63.15
-34.25,-63.15
-34.3,-63.15
-34.35,-63.15
-34.4,-63.15
-34.45,-63.15
-34.5,-63.15
-34.55,-63.15
-34.6,-63.15
-34.65,-63.15
-34.7,-63.15
-34.75,-63.15
-31.6,-63.1
-31.65,-63.1
-31.7,-63.1
-31.75,-63.1
-31.8,-63.1
-31.85,-63.1
-31.9,-63.1
-31.95,-63.1
-32,-63.1
-32.05,-63.1
-32.1,-63.1
-32.15,-63.1
-32.2,-63.1
-32.25,-63.1
-32.3,-63.1
-32.35,-63.1
-32.4,-63.1
-32.45,-63.1
-32.5,-63.1
-32.55,-63.1
-32.6,-63.1
-32.65,-63.1
-32.7,-63.1
-32.75,-63.1
-32.8,-63.1
-32.85,-63.1
-32.9,-63.1
-32.95,-63.1
-33,-63.1
-33.05,-63.1
-33.1,-63.1
-33.15,-63.1
-33.2,-63.1
-33.25,-63.1
-33.3,-63.1
-33.35,-63.1
-33.4,-63.1
-33.45,-63.1
-33.5,-63.1
-33.55,-63.1
-33.6,-63.1
-33.65,-63.1
-33.7,-63.1
-33.75,-63.1
-33.8,-63.1
-33.85,-63.1
-33.9,-63.1
-33.95,-63.1
-34,-63.1
-34.05,-63.1
-34.1,-63.1
-34.15,-63.1
-34.2,-63.1
-34.25,-63.1
-34.3,-63.1
-34.35,-63.1
-34.4,-63.1
-34.45,-63.1
-34.5,-63.1
-34.55,-63.1
-34.6,-63.1
-34.65,-63.1
-34.7,-63.1
-34.75,-63.1
-31.6,-63.05
-31.65,-63.05
-31.7,-63.05
-31.75,-63.05
-31.8,-63.05
-31.85,-63.05
-31.9,-63.05
-31.95,-63.05
-32,-63.05
-32.05,-63.05
-32.1,-63.05
-32.15,-63.05
-32.2,-63.05
-32.25,-63.05
-32.3,-63.05
-32.35,-63.05
-32.4,-63.05
-32.45,-63.05
-32.5,-63.05
-32.55,-63.05
-32.6,-63.05
-32.65,-63.05
-32.7,-63.05
-32.75,-63.05
-32.8,-63.05
-32.85,-63.05
-32.9,-63.05
-32.95,-63.05
-33,-63.05
-33.05,-63.05
-33.1,-63.05
-33.15,-63.05
-33.2,-63.05
-33.25,-63.05
-33.3,-63.05
-33.35,-63.05
-33.4,-63.05
-33.45,-63.05
-33.5,-63.05
-33.55,-63.05
-33.6,-63.05
-33.65,-63.05
-33.7,-63.05
-33.75,-63.05
-33.8,-63.05
-33.85,-63.05
-33.9,-63.05
-33.95,-63.05
-34,-63.05
-34.05,-63.05
-34.1,-63.05
-34.15,-63.05
-34.2,-63.05
-34.25,-63.05
-34.3,-63.05
-34.35,-63.05
-34.4,-63.05
-34.45,-63.05
-34.5,-63.05
-34.55,-63.05
-34.6,-63.05
-34.65,-63.05
-34.7,-63.05
-34.75,-63.05
-31.6,-63
-31.65,-63
-31.7,-63
-31.75,-63
-31.8,-63
-31.85,-63
-31.9,-63
-31.95,-63
-32,-63
-32.05,-63
-32.1,-63
-32.15,-63
-32.2,-63
-32.25,-63
-32.3,-63
-32.35,-63
-32.4,-63
-32.45,-63
-32.5,-63
-32.55,-63
-32.6,-63
-32.65,-63
-32.7,-63
-32.75,-63
-32.8,-63
-32.85,-63
-32.9,-63
-32.95,-63
-33,-63
-33.05,-63
-33.1,-63
-33.15,-63
-33.2,-63
-33.25,-63
-33.3,-63
-33.35,-63
-33.4,-63
-33.45,-63
-33.5,-63
-33.55,-63
-33.6,-63
-33.65,-63
-33.7,-63
-33.75,-63
-33.8,-63
-33.85,-63
-33.9,-63
-33.95,-63
-34,-63
-34.05,-63
-34.1,-63
-34.15,-63
-34.2,-63
-34.25,-63
-34.3,-63
-34.35,-63
-34.4,-63
-34.45,-63
-34.5,-63
-34.55,-63
-34.6,-63
-34.65,-63
-34.7,-63
-34.75,-63
-31.6,-62.95
-31.65,-62.95
-31.7,-62.95
-31.75,-62.95
-31.8,-62.95
-31.85,-62.95
-31.9,-62.95
-31.95,-62.95
-32,-62.95
-32.05,-62.95
-32.1,-62.95
-32.15,-62.95
-32.2,-62.95
-32.25,-62.95
-32.3,-62.95
-32.35,-62.95
-32.4,-62.95
-32.45,-62.95
-32.5,-62.95
-32.55,-62.95
-32.6,-62.95
-32.65,-62.95
-32.7,-62.95
-32.75,-62.95
-32.8,-62.95
-32.85,-62.95
-32.9,-62.95
-32.95,-62.95
-33,-62.95
-33.05,-62.95
-33.1,-62.95
-33.15,-62.95
-33.2,-62.95
-33.25,-62.95
-33.3,-62.95
-33.35,-62.95
-33.4,-62.95
-33.45,-62.95
-33.5,-62.95
-33.55,-62.95
-33.6,-62.95
-33.65,-62.95
-33.7,-62.95
-33.75,-62.95
-33.8,-62.95
-33.85,-62.95
-33.9,-62.95
-33.95,-62.95
-34,-62.95
-34.05,-62.95
-34.1,-62.95
-34.15,-62.95
-34.2,-62.95
-34.25,-62.95
-34.3,-62.95
-34.35,-62.95
-34.4,-62.95
-34.45,-62.95
-34.5,-62.95
-34.55,-62.95
-34.6,-62.95
-34.65,-62.95
-34.7,-62.95
-34.75,-62.95
-31.6,-62.9
-31.65,-62.9
-31.7,-62.9
-31.75,-62.9
-31.8,-62.9
-31.85,-62.9
-31.9,-62.9
-31.95,-62.9
-32,-62.9
-32.05,-62.9
-32.1,-62.9
-32.15,-62.9
-32.2,-62.9
-32.25,-62.9
-32.3,-62.9
-32.35,-62.9
-32.4,-62.9
-32.45,-62.9
-32.5,-62.9
-32.55,-62.9
-32.6,-62.9
-32.65,-62.9
-32.7,-62.9
-32.75,-62.9
-32.8,-62.9
-32.85,-62.9
-32.9,-62.9
-32.95,-62.9
-33,-62.9
-33.05,-62.9
-33.1,-62.9
-33.15,-62.9
-33.2,-62.9
-33.25,-62.9
-33.3,-62.9
-33.35,-62.9
-33.4,-62.9
-33.45,-62.9
-33.5,-62.9
-33.55,-62.9
-33.6,-62.9
-33.65,-62.9
-33.7,-62.9
-33.75,-62.9
-33.8,-62.9
-33.85,-62.9
-33.9,-62.9
-33.95,-62.9
-34,-62.9
-34.05,-62.9
-34.1,-62.9
-34.15,-62.9
-34.2,-62.9
-34.25,-62.9
-34.3,-62.9
-34.35,-62.9
-34.4,-62.9
-34.45,-62.9
-34.5,-62.9
-34.55,-62.9
-34.6,-62.9
-34.65,-62.9
-34.7,-62.9
-34.75,-62.9
-31.6,-62.85
-31.65,-62.85
-31.7,-62.85
-31.75,-62.85
-31.8,-62.85
-31.85,-62.85
-31.9,-62.85
-31.95,-62.85
-32,-62.85
-32.05,-62.85
-32.1,-62.85
-32.15,-62.85
-32.2,-62.85
-32.25,-62.85
-32.3,-62.85
-32.35,-62.85
-32.4,-62.85
-32.45,-62.85
-32.5,-62.85
-32.55,-62.85
-32.6,-62.85
-32.65,-62.85
-32.7,-62.85
-32.75,-62.85
-32.8,-62.85
-32.85,-62.85
-32.9,-62.85
-32.95,-62.85
-33,-62.85
-33.05,-62.85
-33.1,-62.85
-33.15,-62.85
-33.2,-62.85
-33.25,-62.85
-33.3,-62.85
-33.35,-62.85
-33.4,-62.85
-33.45,-62.85
-33.5,-62.85
-33.55,-62.85
-33.6,-62.85
-33.65,-62.85
-33.7,-62.85
-33.75,-62.85
-33.8,-62.85
-33.85,-62.85
-33.9,-62.85
-33.95,-62.85
-34,-62.85
-34.05,-62.85
-34.1,-62.85
-34.15,-62.85
-34.2,-62.85
-34.25,-62.85
-34.3,-62.85
-34.35,-62.85
-34.4,-62.85
-34.45,-62.85
-34.5,-62.85
-34.55,-62.85
-34.6,-62.85
-34.65,-62.85
-34.7,-62.85
-34.75,-62.85
-31.6,-62.8
-31.65,-62.8
-31.7,-62.8
-31.75,-62.8
-31.8,-62.8
-31.85,-62.8
-31.9,-62.8
-31.95,-62.8
-32,-62.8
-32.05,-62.8
-32.1,-62.8
-32.15,-62.8
-32.2,-62.8
-32.25,-62.8
-32.3,-62.8
-32.35,-62.8
-32.4,-62.8
-32.45,-62.8
-32.5,-62.8
-32.55,-62.8
-32.6,-62.8
-32.65,-62.8
-32.7,-62.8
-32.75,-62.8
-32.8,-62.8
-32.85,-62.8
-32.9,-62.8
-32.95,-62.8
-33,-62.8
-33.05,-62.8
-33.1,-62.8
-33.15,-62.8
-33.2,-62.8
-33.25,-62.8
-33.3,-62.8
-33.35,-62.8
-33.4,-62.8
-33.45,-62.8
-33.5,-62.8
-33.55,-62.8
-33.6,-62.8
-33.65,-62.8
-33.7,-62.8
-33.75,-62.8
-33.8,-62.8
-33.85,-62.8
-33.9,-62.8
-33.95,-62.8
-34,-62.8
-34.05,-62.8
-34.1,-62.8
-34.15,-62.8
-34.2,-62.8
-34.25,-62.8
-34.3,-62.8
-34.35,-62.8
-34.4,-62.8
-34.45,-62.8
-34.5,-62.8
-34.55,-62.8
-34.6,-62.8
-34.65,-62.8
-34.7,-62.8
-34.75,-62.8
-31.6,-62.75
-31.65,-62.75
-31.7,-62.75
-31.75,-62.75
-31.8,-62.75
-31.85,-62.75
-31.9,-62.75
-31.95,-62.75
-32,-62.75
-32.05,-62.75
-32.1,-62.75
-32.15,-62.75
-32.2,-62.75
-32.25,-62.75
-32.3,-62.75
-32.35,-62.75
-32.4,-62.75
-32.45,-62.75
-32.5,-62.75
-32.55,-62.75
-32.6,-62.75
-32.65,-62.75
-32.7,-62.75
-32.75,-62.75
-32.8,-62.75
-32.85,-62.75
-32.9,-62.75
-32.95,-62.75
-33,-62.75
-33.05,-62.75
-33.1,-62.75
-33.15,-62.75
-33.2,-62.75
-33.25,-62.75
-33.3,-62.75
-33.35,-62.75
-33.4,-62.75
-33.45,-62.75
-33.5,-62.75
-33.55,-62.75
-33.6,-62.75
-33.65,-62.75
-33.7,-62.75
-33.75,-62.75
-33.8,-62.75
-33.85,-62.75
-33.9,-62.75
-33.95,-62.75
-34,-62.75
-34.05,-62.75
-34.1,-62.75
-34.15,-62.75
-34.2,-62.75
-34.25,-62.75
-34.3,-62.75
-34.35,-62.75
-34.4,-62.75
-34.45,-62.75
-34.5,-62.75
-34.55,-62.75
-34.6,-62.75
-34.65,-62.75
-34.7,-62.75
-34.75,-62.75
-31.6,-62.7
-31.65,-62.7
-31.7,-62.7
-31.75,-62.7
-31.8,-62.7
-31.85,-62.7
-31.9,-62.7
-31.95,-62.7
-32,-62.7
-32.05,-62.7
-32.1,-62.7
-32.15,-62.7
-32.2,-62.7
-32.25,-62.7
-32.3,-62.7
-32.35,-62.7
-32.4,-62.7
-32.45,-62.7
-32.5,-62.7
-32.55,-62.7
-32.6,-62.7
-32.65,-62.7
-32.7,-62.7
-32.75,-62.7
-32.8,-62.7
-32.85,-62.7
-32.9,-62.7
-32.95,-62.7
-33,-62.7
-33.05,-62.7
-33.1,-62.7
-33.15,-62.7
-33.2,-62.7
-33.25,-62.7
-33.3,-62.7
-33.35,-62.7
-33.4,-62.7
-33.45,-62.7
-33.5,-62.7
-33.55,-62.7
-33.6,-62.7
-33.65,-62.7
-33.7,-62.7
-33.75,-62.7
-33.8,-62.7
-33.85,-62.7
-33.9,-62.7
-33.95,-62.7
-34,-62.7
-34.05,-62.7
-34.1,-62.7
-34.15,-62.7
-34.2,-62.7
-34.25,-62.7
-34.3,-62.7
-34.35,-62.7
-34.4,-62.7
-34.45,-62.7
-34.5,-62.7
-34.55,-62.7
-34.6,-62.7
-34.65,-62.7
-34.7,-62.7
-34.75,-62.7
-31.6,-62.65
-31.65,-62.65
-31.7,-62.65
-31.75,-62.65
-31.8,-62.65
-31.85,-62.65
-31.9,-62.65
-31.95,-62.65
-32,-62.65
-32.05,-62.65
-32.1,-62.65
-32.15,-62.65
-32.2,-62.65
-32.25,-62.65
-32.3,-62.65
-32.35,-62.65
-32.4,-62.65
-32.45,-62.65
-32.5,-62.65
-32.55,-62.65
-32.6,-62.65
-32.65,-62.65
-32.7,-62.65
-32.75,-62.65
-32.8,-62.65
-32.85,-62.65
-32.9,-62.65
-32.95,-62.65
-33,-62.65
-33.05,-62.65
-33.1,-62.65
-33.15,-62.65
-33.2,-62.65
-33.25,-62.65
-33.3,-62.65
-33.35,-62.65
-33.4,-62.65
-33.45,-62.65
-33.5,-62.65
-33.55,-62.65
-33.6,-62.65
-33.65,-62.65
-33.7,-62.65
-33.75,-62.65
-33.8,-62.65
-33.85,-62.65
-33.9,-62.65
-33.95,-62.65
-34,-62.65
-34.05,-62.65
-34.1,-62.65
-34.15,-62.65
-34.2,-62.65
-34.25,-62.65
-34.3,-62.65
-34.35,-62.65
-34.4,-62.65
-34.45,-62.65
-34.5,-62.65
-34.55,-62.65
-34.6,-62.65
-34.65,-62.65
-34.7,-62.65
-34.75,-62.65
-31.6,-62.6
-31.65,-62.6
-31.7,-62.6
-31.75,-62.6
-31.8,-62.6
-31.85,-62.6
-31.9,-62.6
-31.95,-62.6
-32,-62.6
-32.05,-62.6
-32.1,-62.6
-32.15,-62.6
-32.2,-62.6
-32.25,-62.6
-32.3,-62.6
-32.35,-62.6
-32.4,-62.6
-32.45,-62.6
-32.5,-62.6
-32.55,-62.6
-32.6,-62.6
-32.65,-62.6
-32.7,-62.6
-32.75,-62.6
-32.8,-62.6
-32.85,-62.6
-32.9,-62.6
-32.95,-62.6
-33,-62.6
-33.05,-62.6
-33.1,-62.6
-33.15,-62.6
-33.2,-62.6
-33.25,-62.6
-33.3,-62.6
-33.35,-62.6
-33.4,-62.6
-33.45,-62.6
-33.5,-62.6
-33.55,-62.6
-33.6,-62.6
-33.65,-62.6
-33.7,-62.6
-33.75,-62.6
-33.8,-62.6
-33.85,-62.6
-33.9,-62.6
-33.95,-62.6
-34,-62.6
-34.05,-62.6
-34.1,-62.6
-34.15,-62.6
-34.2,-62.6
-34.25,-62.6
-34.3,-62.6
-34.35,-62.6
-34.4,-62.6
-34.45,-62.6
-34.5,-62.6
-34.55,-62.6
-34.6,-62.6
-34.65,-62.6
-34.7,-62.6
-34.75,-62.6
-31.6,-62.55
-31.65,-62.55
-31.7,-62.55
-31.75,-62.55
-31.8,-62.55
-31.85,-62.55
-31.9,-62.55
-31.95,-62.55
-32,-62.55
-32.05,-62.55
-32.1,-62.55
-32.15,-62.55
-32.2,-62.55
-32.25,-62.55
-32.3,-62.55
-32.35,-62.55
-32.4,-62.55
-32.45,-62.55
-32.5,-62.55
-32.55,-62.55
-32.6,-62.55
-32.65,-62.55
-32.7,-62.55
-32.75,-62.55
-32.8,-62.55
-32.85,-62.55
-32.9,-62.55
-32.95,-62.55
-33,-62.55
-33.05,-62.55
-33.1,-62.55
-33.15,-62.55
-33.2,-62.55
-33.25,-62.55
-33.3,-62.55
-33.35,-62.55
-33.4,-62.55
-33.45,-62.55
-33.5,-62.55
-33.55,-62.55
-33.6,-62.55
-33.65,-62.55
-33.7,-62.55
-33.75,-62.55
-33.8,-62.55
-33.85,-62.55
-33.9,-62.55
-33.95,-62.55
-34,-62.55
-34.05,-62.55
-34.1,-62.55
-34.15,-62.55
-34.2,-62.55
-34.25,-62.55
-34.3,-62.55
-34.35,-62.55
-34.4,-62.55
-34.45,-62.55
-34.5,-62.55
-34.55,-62.55
-34.6,-62.55
-34.65,-62.55
-34.7,-62.55
-34.75,-62.55
-31.6,-62.5
-31.65,-62.5
-31.7,-62.5
-31.75,-62.5
-31.8,-62.5
-31.85,-62.5
-31.9,-62.5
-31.95,-62.5
-32,-62.5
-32.05,-62.5
-32.1,-62.5
-32.15,-62.5
-32.2,-62.5
-32.25,-62.5
-32.3,-62.5
-32.35,-62.5
-32.4,-62.5
-32.45,-62.5
-32.5,-62.5
-32.55,-62.5
-32.6,-62.5
-32.65,-62.5
-32.7,-62.5
-32.75,-62.5
-32.8,-62.5
-32.85,-62.5
-32.9,-62.5
-32.95,-62.5
-33,-62.5
-33.05,-62.5
-33.1,-62.5
-33.15,-62.5
-33.2,-62.5
-33.25,-62.5
-33.3,-62.5
-33.35,-62.5
-33.4,-62.5
-33.45,-62.5
-33.5,-62.5
-33.55,-62.5
-33.6,-62.5
-33.65,-62.5
-33.7,-62.5
-33.75,-62.5
-33.8,-62.5
-33.85,-62.5
-33.9,-62.5
-33.95,-62.5
-34,-62.5
-34.05,-62.5
-34.1,-62.5
-34.15,-62.5
-34.2,-62.5
-34.25,-62.5
-34.3,-62.5
-34.35,-62.5
-34.4,-62.5
-34.45,-62.5
-34.5,-62.5
-34.55,-62.5
-34.6,-62.5
-34.65,-62.5
-34.7,-62.5
-34.75,-62.5
-31.6,-62.45
-31.65,-62.45
-31.7,-62.45
-31.75,-62.45
-31.8,-62.45
-31.85,-62.45
-31.9,-62.45
-31.95,-62.45
-32,-62.45
-32.05,-62.45
-32.1,-62.45
-32.15,-62.45
-32.2,-62.45
-32.25,-62.45
-32.3,-62.45
-32.35,-62.45
-32.4,-62.45
-32.45,-62.45
-32.5,-62.45
-32.55,-62.45
-32.6,-62.45
-32.65,-62.45
-32.7,-62.45
-32.75,-62.45
-32.8,-62.45
-32.85,-62.45
-32.9,-62.45
-32.95,-62.45
-33,-62.45
-33.05,-62.45
-33.1,-62.45
-33.15,-62.45
-33.2,-62.45
-33.25,-62.45
-33.3,-62.45
-33.35,-62.45
-33.4,-62.45
-33.45,-62.45
-33.5,-62.45
-33.55,-62.45
-33.6,-62.45
-33.65,-62.45
-33.7,-62.45
-33.75,-62.45
-33.8,-62.45
-33.85,-62.45
-33.9,-62.45
-33.95,-62.45
-34,-62.45
-34.05,-62.45
-34.1,-62.45
-34.15,-62.45
-34.2,-62.45
-34.25,-62.45
-34.3,-62.45
-34.35,-62.45
-34.4,-62.45
-34.45,-62.45
-34.5,-62.45
-34.55,-62.45
-34.6,-62.45
-34.65,-62.45
-34.7,-62.45
-34.75,-62.45
-31.6,-62.4
-31.65,-62.4
-31.7,-62.4
-31.75,-62.4
-31.8,-62.4
-31.85,-62.4
-31.9,-62.4
-31.95,-62.4
-32,-62.4
-32.05,-62.4
-32.1,-62.4
-32.15,-62.4
-32.2,-62.4
-32.25,-62.4
-32.3,-62.4
-32.35,-62.4
-32.4,-62.4
-32.45,-62.4
-32.5,-62.4
-32.55,-62.4
-32.6,-62.4
-32.65,-62.4
-32.7,-62.4
-32.75,-62.4
-32.8,-62.4
-32.85,-62.4
-32.9,-62.4
-32.95,-62.4
-33,-62.4
-33.05,-62.4
-33.1,-62.4
-33.15,-62.4
-33.2,-62.4
-33.25,-62.4
-33.3,-62.4
-33.35,-62.4
-33.4,-62.4
-33.45,-62.4
-33.5,-62.4
-33.55,-62.4
-33.6,-62.4
-33.65,-62.4
-33.7,-62.4
-33.75,-62.4
-33.8,-62.4
-33.85,-62.4
-33.9,-62.4
-33.95,-62.4
-34,-62.4
-34.05,-62.4
-34.1,-62.4
-34.15,-62.4
-34.2,-62.4
-34.25,-62.4
-34.3,-62.4
-34.35,-62.4
-34.4,-62.4
-34.45,-62.4
-34.5,-62.4
-34.55,-62.4
-34.6,-62.4
-34.65,-62.4
-34.7,-62.4
-34.75,-62.4
-31.6,-62.35
-31.65,-62.35
-31.7,-62.35
-31.75,-62.35
-31.8,-62.35
-31.85,-62.35
-31.9,-62.35
-31.95,-62.35
-32,-62.35
-32.05,-62.35
-32.1,-62.35
-32.15,-62.35
-32.2,-62.35
-32.25,-62.35
-32.3,-62.35
-32.35,-62.35
-32.4,-62.35
-32.45,-62.35
-32.5,-62.35
-32.55,-62.35
-32.6,-62.35
-32.65,-62.35
-32.7,-62.35
-32.75,-62.35
-32.8,-62.35
-32.85,-62.35
-32.9,-62.35
-32.95,-62.35
-33,-62.35
-33.05,-62.35
-33.1,-62.35
-33.15,-62.35
-33.2,-62.35
-33.25,-62.35
-33.3,-62.35
-33.35,-62.35
-33.4,-62.35
-33.45,-62.35
-33.5,-62.35
-33.55,-62.35
-33.6,-62.35
-33.65,-62.35
-33.7,-62.35
-33.75,-62.35
-33.8,-62.35
-33.85,-62.35
-33.9,-62.35
-33.95,-62.35
-34,-62.35
-34.05,-62.35
-34.1,-62.35
-34.15,-62.35
-34.2,-62.35
-34.25,-62.35
-34.3,-62.35
-34.35,-62.35
-34.4,-62.35
-34.45,-62.35
-34.5,-62.35
-34.55,-62.35
-34.6,-62.35
-34.65,-62.35
-34.7,-62.35
-34.75,-62.35
-31.6,-62.3
-31.65,-62.3
-31.7,-62.3
-31.75,-62.3
-31.8,-62.3
-31.85,-62.3
-31.9,-62.3
-31.95,-62.3
-32,-62.3
-32.05,-62.3
-32.1,-62.3
-32.15,-62.3
-32.2,-62.3
-32.25,-62.3
-32.3,-62.3
-32.35,-62.3
-32.4,-62.3
-32.45,-62.3
-32.5,-62.3
-32.55,-62.3
-32.6,-62.3
-32.65,-62.3
-32.7,-62.3
-32.75,-62.3
-32.8,-62.3
-32.85,-62.3
-32.9,-62.3
-32.95,-62.3
-33,-62.3
-33.05,-62.3
-33.1,-62.3
-33.15,-62.3
-33.2,-62.3
-33.25,-62.3
-33.3,-62.3
-33.35,-62.3
-33.4,-62.3
-33.45,-62.3
-33.5,-62.3
-33.55,-62.3
-33.6,-62.3
-33.65,-62.3
-33.7,-62.3
-33.75,-62.3
-33.8,-62.3
-33.85,-62.3
-33.9,-62.3
-33.95,-62.3
-34,-62.3
-34.05,-62.3
-34.1,-62.3
-34.15,-62.3
-34.2,-62.3
-34.25,-62.3
-34.3,-62.3
-34.35,-62.3
-34.4,-62.3
-34.45,-62.3
-34.5,-62.3
-34.55,-62.3
-34.6,-62.3
-34.65,-62.3
-34.7,-62.3
-34.75,-62.3
-31.6,-62.25
-31.65,-62.25
-31.7,-62.25
-31.75,-62.25
-31.8,-62.25
-31.85,-62.25
-31.9,-62.25
-31.95,-62.25
-32,-62.25
-32.05,-62.25
-32.1,-62.25
-32.15,-62.25
-32.2,-62.25
-32.25,-62.25
-32.3,-62.25
-32.35,-62.25
-32.4,-62.25
-32.45,-62.25
-32.5,-62.25
-32.55,-62.25
-32.6,-62.25
-32.65,-62.25
-32.7,-62.25
-32.75,-62.25
-32.8,-62.25
-32.85,-62.25
-32.9,-62.25
-32.95,-62.25
-33,-62.25
-33.05,-62.25
-33.1,-62.25
-33.15,-62.25
-33.2,-62.25
-33.25,-62.25
-33.3,-62.25
-33.35,-62.25
-33.4,-62.25
-33.45,-62.25
-33.5,-62.25
-33.55,-62.25
-33.6,-62.25
-33.65,-62.25
-33.7,-62.25
-33.75,-62.25
-33.8,-62.25
-33.85,-62.25
-33.9,-62.25
-33.95,-62.25
-34,-62.25
-34.05,-62.25
-34.1,-62.25
-34.15,-62.25
-34.2,-62.25
-34.25,-62.25
-34.3,-62.25
-34.35,-62.25
-34.4,-62.25
-34.45,-62.25
-34.5,-62.25
-34.55,-62.25
-34.6,-62.25
-34.65,-62.25
-34.7,-62.25
-34.75,-62.25
-31.6,-62.2
-31.65,-62.2
-31.7,-62.2
-31.75,-62.2
-31.8,-62.2
-31.85,-62.2
-31.9,-62.2
-31.95,-62.2
-32,-62.2
-32.05,-62.2
-32.1,-62.2
-32.15,-62.2
-32.2,-62.2
-32.25,-62.2
-32.3,-62.2
-32.35,-62.2
-32.4,-62.2
-32.45,-62.2
-32.5,-62.2
-32.55,-62.2
-32.6,-62.2
-32.65,-62.2
-32.7,-62.2
-32.75,-62.2
-32.8,-62.2
-32.85,-62.2
-32.9,-62.2
-32.95,-62.2
-33,-62.2
-33.05,-62.2
-33.1,-62.2
-33.15,-62.2
-33.2,-62.2
-33.25,-62.2
-33.3,-62.2
-33.35,-62.2
-33.4,-62.2
-33.45,-62.2
-33.5,-62.2
-33.55,-62.2
-33.6,-62.2
-33.65,-62.2
-33.7,-62.2
-33.75,-62.2
-33.8,-62.2
-33.85,-62.2
-33.9,-62.2
-33.95,-62.2
-34,-62.2
-34.05,-62.2
-34.1,-62.2
-34.15,-62.2
-34.2,-62.2
-34.25,-62.2
-34.3,-62.2
-34.35,-62.2
-34.4,-62.2
-34.45,-62.2
-34.5,-62.2
-34.55,-62.2
-34.6,-62.2
-34.65,-62.2
-34.7,-62.2
-34.75,-62.2
-31.6,-62.15
-31.65,-62.15
-31.7,-62.15
-31.75,-62.15
-31.8,-62.15
-31.85,-62.15
-31.9,-62.15
-31.95,-62.15
-32,-62.15
-32.05,-62.15
-32.1,-62.15
-32.15,-62.15
-32.2,-62.15
-32.25,-62.15
-32.3,-62.15
-32.35,-62.15
-32.4,-62.15
-32.45,-62.15
-32.5,-62.15
-32.55,-62.15
-32.6,-62.15
-32.65,-62.15
-32.7,-62.15
-32.75,-62.15
-32.8,-62.15
-32.85,-62.15
-32.9,-62.15
-32.95,-62.15
-33,-62.15
-33.05,-62.15
-33.1,-62.15
-33.15,-62.15
-33.2,-62.15
-33.25,-62.15
-33.3,-62.15
-33.35,-62.15
-33.4,-62.15
-33.45,-62.15
-33.5,-62.15
-33.55,-62.15
-33.6,-62.15
-33.65,-62.15
-33.7,-62.15
-33.75,-62.15
-33.8,-62.15
-33.85,-62.15
-33.9,-62.15
-33.95,-62.15
-34,-62.15
-34.05,-62.15
-34.1,-62.15
-34.15,-62.15
-34.2,-62.15
-34.25,-62.15
-34.3,-62.15
-34.35,-62.15
-34.4,-62.15
-34.45,-62.15
-34.5,-62.15
-34.55,-62.15
-34.6,-62.15
-34.65,-62.15
-34.7,-62.15
-34.75,-62.15
-31.6,-62.1
-31.65,-62.1
-31.7,-62.1
-31.75,-62.1
-31.8,-62.1
-31.85,-62.1
-31.9,-62.1
-31.95,-62.1
-32,-62.1
-32.05,-62.1
-32.1,-62.1
-32.15,-62.1
-32.2,-62.1
-32.25,-62.1
-32.3,-62.1
-32.35,-62.1
-32.4,-62.1
-32.45,-62.1
-32.5,-62.1
-32.55,-62.1
-32.6,-62.1
-32.65,-62.1
-32.7,-62.1
-32.75,-62.1
-32.8,-62.1
-32.85,-62.1
-32.9,-62.1
-32.95,-62.1
-33,-62.1
-33.05,-62.1
-33.1,-62.1
-33.15,-62.1
-33.2,-62.1
-33.25,-62.1
-33.3,-62.1
-33.35,-62.1
-33.4,-62.1
-33.45,-62.1
-33.5,-62.1
-33.55,-62.1
-33.6,-62.1
-33.65,-62.1
-33.7,-62.1
-33.75,-62.1
-33.8,-62.1
-33.85,-62.1
-33.9,-62.1
-33.95,-62.1
-34,-62.1
-34.05,-62.1
-34.1,-62.1
-34.15,-62.1
-34.2,-62.1
-34.25,-62.1
-34.3,-62.1
-34.35,-62.1
-34.4,-62.1
-34.45,-62.1
-34.5,-62.1
-34.55,-62.1
-34.6,-62.1
-34.65,-62.1
-34.7,-62.1
-34.75,-62.1
-31.6,-62.05
-31.65,-62.05
-31.7,-62.05
-31.75,-62.05
-31.8,-62.05
-31.85,-62.05
-31.9,-62.05
-31.95,-62.05
-32,-62.05
-32.05,-62.05
-32.1,-62.05
-32.15,-62.05
-32.2,-62.05
-32.25,-62.05
-32.3,-62.05
-32.35,-62.05
-32.4,-62.05
-32.45,-62.05
-32.5,-62.05
-32.55,-62.05
-32.6,-62.05
-32.65,-62.05
-32.7,-62.05
-32.75,-62.05
-32.8,-62.05
-32.85,-62.05
-32.9,-62.05
-32.95,-62.05
-33,-62.05
-33.05,-62.05
-33.1,-62.05
-33.15,-62.05
-33.2,-62.05
-33.25,-62.05
-33.3,-62.05
-33.35,-62.05
-33.4,-62.05
-33.45,-62.05
-33.5,-62.05
-33.55,-62.05
-33.6,-62.05
-33.65,-62.05
-33.7,-62.05
-33.75,-62.05
-33.8,-62.05
-33.85,-62.05
-33.9,-62.05
-33.95,-62.05
-34,-62.05
-34.05,-62.05
-34.1,-62.05
-34.15,-62.05
-34.2,-62.05
-34.25,-62.05
-34.3,-62.05
-34.35,-62.05
-34.4,-62.05
-34.45,-62.05
-34.5,-62.05
-34.55,-62.05
-34.6,-62.05
-34.65,-62.05
-34.7,-62.05
-34.75,-62.05
-31.6,-62
-31.65,-62
-31.7,-62
-31.75,-62
-31.8,-62
-31.85,-62
-31.9,-62
-31.95,-62
-32,-62
-32.05,-62
-32.1,-62
-32.15,-62
-32.2,-62
-32.25,-62
-32.3,-62
-32.35,-62
-32.4,-62
-32.45,-62
-32.5,-62
-32.55,-62
-32.6,-62
-32.65,-62
-32.7,-62
-32.75,-62
-32.8,-62
-32.85,-62
-32.9,-62
-32.95,-62
-33,-62
-33.05,-62
-33.1,-62
-33.15,-62
-33.2,-62
-33.25,-62
-33.3,-62
-33.35,-62
-33.4,-62
-33.45,-62
-33.5,-62
-33.55,-62
-33.6,-62
-33.65,-62
-33.7,-62
-33.75,-62
-33.8,-62
-33.85,-62
-33.9,-62
-33.95,-62
-34,-62
-34.05,-62
-34.1,-62
-34.15,-62
-34.2,-62
-34.25,-62
-34.3,-62
-34.35,-62
-34.4,-62
-34.45,-62
-34.5,-62
-34.55,-62
-34.6,-62
-34.65,-62
-34.7,-62
-34.75,-62
-31.6,-61.95
-31.65,-61.95
-31.7,-61.95
-31.75,-61.95
-31.8,-61.95
-31.85,-61.95
-31.9,-61.95
-31.95,-61.95
-32,-61.95
-32.05,-61.95
-32.1,-61.95
-32.15,-61.95
-32.2,-61.95
-32.25,-61.95
-32.3,-61.95
-32.35,-61.95
-32.4,-61.95
-32.45,-61.95
-32.5,-61.95
-32.55,-61.95
-32.6,-61.95
-32.65,-61.95
-32.7,-61.95
-32.75,-61.95
-32.8,-61.95
-32.85,-61.95
-32.9,-61.95
-32.95,-61.95
-33,-61.95
-33.05,-61.95
-33.1,-61.95
-33.15,-61.95
-33.2,-61.95
-33.25,-61.95
-33.3,-61.95
-33.35,-61.95
-33.4,-61.95
-33.45,-61.95
-33.5,-61.95
-33.55,-61.95
-33.6,-61.95
-33.65,-61.95
-33.7,-61.95
-33.75,-61.95
-33.8,-61.95
-33.85,-61.95
-33.9,-61.95
-33.95,-61.95
-34,-61.95
-34.05,-61.95
-34.1,-61.95
-34.15,-61.95
-34.2,-61.95
-34.25,-61.95
-34.3,-61.95
-34.35,-61.95
-34.4,-61.95
-34.45,-61.95
-34.5,-61.95
-34.55,-61.95
-34.6,-61.95
-34.65,-61.95
-34.7,-61.95
-34.75,-61.95
-31.6,-61.9
-31.65,-61.9
-31.7,-61.9
-31.75,-61.9
-31.8,-61.9
-31.85,-61.9
-31.9,-61.9
-31.95,-61.9
-32,-61.9
-32.05,-61.9
-32.1,-61.9
-32.15,-61.9
-32.2,-61.9
-32.25,-61.9
-32.3,-61.9
-32.35,-61.9
-32.4,-61.9
-32.45,-61.9
-32.5,-61.9
-32.55,-61.9
-32.6,-61.9
-32.65,-61.9
-32.7,-61.9
-32.75,-61.9
-32.8,-61.9
-32.85,-61.9
-32.9,-61.9
-32.95,-61.9
-33,-61.9
-33.05,-61.9
-33.1,-61.9
-33.15,-61.9
-33.2,-61.9
-33.25,-61.9
-33.3,-61.9
-33.35,-61.9
-33.4,-61.9
-33.45,-61.9
-33.5,-61.9
-33.55,-61.9
-33.6,-61.9
-33.65,-61.9
-33.7,-61.9
-33.75,-61.9
-33.8,-61.9
-33.85,-61.9
-33.9,-61.9
-33.95,-61.9
-34,-61.9
-34.05,-61.9
-34.1,-61.9
-34.15,-61.9
-34.2,-61.9
-34.25,-61.9
-34.3,-61.9
-34.35,-61.9
-34.4,-61.9
-34.45,-61.9
-34.5,-61.9
-34.55,-61.9
-34.6,-61.9
-34.65,-61.9
-34.7,-61.9
-34.75,-61.9
-31.6,-61.85
-31.65,-61.85
-31.7,-61.85
-31.75,-61.85
-31.8,-61.85
-31.85,-61.85
-31.9,-61.85
-31.95,-61.85
-32,-61.85
-32.05,-61.85
-32.1,-61.85
-32.15,-61.85
-32.2,-61.85
-32.25,-61.85
-32.3,-61.85
-32.35,-61.85
-32.4,-61.85
-32.45,-61.85
-32.5,-61.85
-32.55,-61.85
-32.6,-61.85
-32.65,-61.85
-32.7,-61.85
-32.75,-61.85
-32.8,-61.85
-32.85,-61.85
-32.9,-61.85
-32.95,-61.85
-33,-61.85
-33.05,-61.85
-33.1,-61.85
-33.15,-61.85
-33.2,-61.85
-33.25,-61.85
-33.3,-61.85
-33.35,-61.85
-33.4,-61.85
-33.45,-61.85
-33.5,-61.85
-33.55,-61.85
-33.6,-61.85
-33.65,-61.85
-33.7,-61.85
-33.75,-61.85
-33.8,-61.85
-33.85,-61.85
-33.9,-61.85
-33.95,-61.85
-34,-61.85
-34.05,-61.85
-34.1,-61.85
-34.15,-61.85
-34.2,-61.85
-34.25,-61.85
-34.3,-61.85
-34.35,-61.85
-34.4,-61.85
-34.45,-61.85
-34.5,-61.85
-34.55,-61.85
-34.6,-61.85
-34.65,-61.85
-34.7,-61.85
-34.75,-61.85
-31.6,-61.8
-31.65,-61.8
-31.7,-61.8
-31.75,-61.8
-31.8,-61.8
-31.85,-61.8
-31.9,-61.8
-31.95,-61.8
-32,-61.8
-32.05,-61.8
-32.1,-61.8
-32.15,-61.8
-32.2,-61.8
-32.25,-61.8
-32.3,-61.8
-32.35,-61.8
-32.4,-61.8
-32.45,-61.8
-32.5,-61.8
-32.55,-61.8
-32.6,-61.8
-32.65,-61.8
-32.7,-61.8
-32.75,-61.8
-32.8,-61.8
-32.85,-61.8
-32.9,-61.8
-32.95,-61.8
-33,-61.8
-33.05,-61.8
-33.1,-61.8
-33.15,-61.8
-33.2,-61.8
-33.25,-61.8
-33.3,-61.8
-33.35,-61.8
-33.4,-61.8
-33.45,-61.8
-33.5,-61.8
-33.55,-61.8
-33.6,-61.8
-33.65,-61.8
-33.7,-61.8
-33.75,-61.8
-33.8,-61.8
-33.85,-61.8
-33.9,-61.8
-33.95,-61.8
-34,-61.8
-34.05,-61.8
-34.1,-61.8
-34.15,-61.8
-34.2,-61.8
-34.25,-61.8
-34.3,-61.8
-34.35,-61.8
-34.4,-61.8
-34.45,-61.8
-34.5,-61.8
-34.55,-61.8
-34.6,-61.8
-34.65,-61.8
-34.7,-61.8
-34.75,-61.8
-31.6,-61.75
-31.65,-61.75
-31.7,-61.75
-31.75,-61.75
-31.8,-61.75
-31.85,-61.75
-31.9,-61.75
-31.95,-61.75
-32,-61.75
-32.05,-61.75
-32.1,-61.75
-32.15,-61.75
-32.2,-61.75
-32.25,-61.75
-32.3,-61.75
-32.35,-61.75
-32.4,-61.75
-32.45,-61.75
-32.5,-61.75
-32.55,-61.75
-32.6,-61.75
-32.65,-61.75
-32.7,-61.75
-32.75,-61.75
-32.8,-61.75
-32.85,-61.75
-32.9,-61.75
-32.95,-61.75
-33,-61.75
-33.05,-61.75
-33.1,-61.75
-33.15,-61.75
-33.2,-61.75
-33.25,-61.75
-33.3,-61.75
-33.35,-61.75
-33.4,-61.75
-33.45,-61.75
-33.5,-61.75
-33.55,-61.75
-33.6,-61.75
-33.65,-61.75
-33.7,-61.75
-33.75,-61.75
-33.8,-61.75
-33.85,-61.75
-33.9,-61.75
-33.95,-61.75
-34,-61.75
-34.05,-61.75
-34.1,-61.75
-34.15,-61.75
-34.2,-61.75
-34.25,-61.75
-34.3,-61.75
-34.35,-61.75
-34.4,-61.75
-34.45,-61.75
-34.5,-61.75
-34.55,-61.75
-34.6,-61.75
-34.65,-61.75
-34.7,-61.75
-34.75,-61.75
-31.6,-61.7
-31.65,-61.7
-31.7,-61.7
-31.75,-61.7
-31.8,-61.7
-31.85,-61.7
-31.9,-61.7
-31.95,-61.7
-32,-61.7
-32.05,-61.7
-32.1,-61.7
-32.15,-61.7
-32.2,-61.7
-32.25,-61.7
-32.3,-61.7
-32.35,-61.7
-32.4,-61.7
-32.45,-61.7
-32.5,-61.7
-32.55,-61.7
-32.6,-61.7
-32.65,-61.7
-32.7,-61.7
-32.75,-61.7
-32.8,-61.7
-32.85,-61.7
-32.9,-61.7
-32.95,-61.7
-33,-61.7
-33.05,-61.7
-33.1,-61.7
-33.15,-61.7
-33.2,-61.7
-33.25,-61.7
-33.3,-61.7
-33.35,-61.7
-33.4,-61.7
-33.45,-61.7
-33.5,-61.7
-33.55,-61.7
-33.6,-61.7
-33.65,-61.7
-33.7,-61.7
-33.75,-61.7
-33.8,-61.7
-33.85,-61.7
-33.9,-61.7
-33.95,-61.7
-34,-61.7
-34.05,-61.7
-34.1,-61.7
-34.15,-61.7
-34.2,-61.7
-34.25,-61.7
-34.3,-61.7
-34.35,-61.7
-34.4,-61.7
-34.45,-61.7
-34.5,-61.7
-34.55,-61.7
-34.6,-61.7
-34.65,-61.7
-34.7,-61.7
-34.75,-61.7
-31.6,-61.65
-31.65,-61.65
-31.7,-61.65
-31.75,-61.65
-31.8,-61.65
-31.85,-61.65
-31.9,-61.65
-31.95,-61.65
-32,-61.65
-32.05,-61.65
-32.1,-61.65
-32.15,-61.65
-32.2,-61.65
-32.25,-61.65
-32.3,-61.65
-32.35,-61.65
-32.4,-61.65
-32.45,-61.65
-32.5,-61.65
-32.55,-61.65
-32.6,-61.65
-32.65,-61.65
-32.7,-61.65
-32.75,-61.65
-32.8,-61.65
-32.85,-61.65
-32.9,-61.65
-32.95,-61.65
-33,-61.65
-33.05,-61.65
-33.1,-61.65
-33.15,-61.65
-33.2,-61.65
-33.25,-61.65
-33.3,-61.65
-33.35,-61.65
-33.4,-61.65
-33.45,-61.65
-33.5,-61.65
-33.55,-61.65
-33.6,-61.65
-33.65,-61.65
-33.7,-61.65
-33.75,-61.65
-33.8,-61.65
-33.85,-61.65
-33.9,-61.65
-33.95,-61.65
-34,-61.65
-34.05,-61.65
-34.1,-61.65
-34.15,-61.65
-34.2,-61.65
-34.25,-61.65
-34.3,-61.65
-34.35,-61.65
-34.4,-61.65
-34.45,-61.65
-34.5,-61.65
-34.55,-61.65
-34.6,-61.65
-34.65,-61.65
-34.7,-61.65
-34.75,-61.65
-31.6,-61.6
-31.65,-61.6
-31.7,-61.6
-31.75,-61.6
-31.8,-61.6
-31.85,-61.6
-31.9,-61.6
-31.95,-61.6
-32,-61.6
-32.05,-61.6
-32.1,-61.6
-32.15,-61.6
-32.2,-61.6
-32.25,-61.6
-32.3,-61.6
-32.35,-61.6
-32.4,-61.6
-32.45,-61.6
-32.5,-61.6
-32.55,-61.6
-32.6,-61.6
-32.65,-61.6
-32.7,-61.6
-32.75,-61.6
-32.8,-61.6
-32.85,-61.6
-32.9,-61.6
-32.95,-61.6
-33,-61.6
-33.05,-61.6
-33.1,-61.6
-33.15,-61.6
-33.2,-61.6
-33.25,-61.6
-33.3,-61.6
-33.35,-61.6
-33.4,-61.6
-33.45,-61.6
-33.5,-61.6
-33.55,-61.6
-33.6,-61.6
-33.65,-61.6
-33.7,-61.6
-33.75,-61.6
-33.8,-61.6
-33.85,-61.6
-33.9,-61.6
-33.95,-61.6
-34,-61.6
-34.05,-61.6
-34.1,-61.6
-34.15,-61.6
-34.2,-61.6
-34.25,-61.6
-34.3,-61.6
-34.35,-61.6
-34.4,-61.6
-34.45,-61.6
-34.5,-61.6
-34.55,-61.6
-34.6,-61.6
-34.65,-61.6
-34.7,-61.6
-34.75,-61.6
-31.6,-61.55
-31.65,-61.55
-31.7,-61.55
-31.75,-61.55
-31.8,-61.55
-31.85,-61.55
-31.9,-61.55
-31.95,-61.55
-32,-61.55
-32.05,-61.55
-32.1,-61.55
-32.15,-61.55
-32.2,-61.55
-32.25,-61.55
-32.3,-61.55
-32.35,-61.55
-32.4,-61.55
-32.45,-61.55
-32.5,-61.55
-32.55,-61.55
-32.6,-61.55
-32.65,-61.55
-32.7,-61.55
-32.75,-61.55
-32.8,-61.55
-32.85,-61.55
-32.9,-61.55
-32.95,-61.55
-33,-61.55
-33.05,-61.55
-33.1,-61.55
-33.15,-61.55
-33.2,-61.55
-33.25,-61.55
-33.3,-61.55
-33.35,-61.55
-33.4,-61.55
-33.45,-61.55
-33.5,-61.55
-33.55,-61.55
-33.6,-61.55
-33.65,-61.55
-33.7,-61.55
-33.75,-61.55
-33.8,-61.55
-33.85,-61.55
-33.9,-61.55
-33.95,-61.55
-34,-61.55
-34.05,-61.55
-34.1,-61.55
-34.15,-61.55
-34.2,-61.55
-34.25,-61.55
-34.3,-61.55
-34.35,-61.55
-34.4,-61.55
-34.45,-61.55
-34.5,-61.55
-34.55,-61.55
-34.6,-61.55
-34.65,-61.55
-34.7,-61.55
-34.75,-61.55
-31.6,-61.5
-31.65,-61.5
-31.7,-61.5
-31.75,-61.5
-31.8,-61.5
-31.85,-61.5
-31.9,-61.5
-31.95,-61.5
-32,-61.5
-32.05,-61.5
-32.1,-61.5
-32.15,-61.5
-32.2,-61.5
-32.25,-61.5
-32.3,-61.5
-32.35,-61.5
-32.4,-61.5
-32.45,-61.5
-32.5,-61.5
-32.55,-61.5
-32.6,-61.5
-32.65,-61.5
-32.7,-61.5
-32.75,-61.5
-32.8,-61.5
-32.85,-61.5
-32.9,-61.5
-32.95,-61.5
-33,-61.5
-33.05,-61.5
-33.1,-61.5
-33.15,-61.5
-33.2,-61.5
-33.25,-61.5
-33.3,-61.5
-33.35,-61.5
-33.4,-61.5
-33.45,-61.5
-33.5,-61.5
-33.55,-61.5
-33.6,-61.5
-33.65,-61.5
-33.7,-61.5
-33.75,-61.5
-33.8,-61.5
-33.85,-61.5
-33.9,-61.5
-33.95,-61.5
-34,-61.5
-34.05,-61.5
-34.1,-61.5
-34.15,-61.5
-34.2,-61.5
-34.25,-61.5
-34.3,-61.5
-34.35,-61.5
-34.4,-61.5
-34.45,-61.5
-34.5,-61.5
-34.55,-61.5
-34.6,-61.5
-34.65,-61.5
-34.7,-61.5
-34.75,-61.5
-31.6,-61.45
-31.65,-61.45
-31.7,-61.45
-31.75,-61.45
-31.8,-61.45
-31.85,-61.45
-31.9,-61.45
-31.95,-61.45
-32,-61.45
-32.05,-61.45
-32.1,-61.45
-32.15,-61.45
-32.2,-61.45
-32.25,-61.45
-32.3,-61.45
-32.35,-61.45
-32.4,-61.45
-32.45,-61.45
-32.5,-61.45
-32.55,-61.45
-32.6,-61.45
-32.65,-61.45
-32.7,-61.45
-32.75,-61.45
-32.8,-61.45
-32.85,-61.45
-32.9,-61.45
-32.95,-61.45
-33,-61.45
-33.05,-61.45
-33.1,-61.45
-33.15,-61.45
-33.2,-61.45
-33.25,-61.45
-33.3,-61.45
-33.35,-61.45
-33.4,-61.45
-33.45,-61.45
-33.5,-61.45
-33.55,-61.45
-33.6,-61.45
-33.65,-61.45
-33.7,-61.45
-33.75,-61.45
-33.8,-61.45
-33.85,-61.45
-33.9,-61.45
-33.95,-61.45
-34,-61.45
-34.05,-61.45
-34.1,-61.45
-34.15,-61.45
-34.2,-61.45
-34.25,-61.45
-34.3,-61.45
-34.35,-61.45
-34.4,-61.45
-34.45,-61.45
-34.5,-61.45
-34.55,-61.45
-34.6,-61.45
-34.65,-61.45
-34.7,-61.45
-34.75,-61.45
-31.6,-61.4
-31.65,-61.4
-31.7,-61.4
-31.75,-61.4
-31.8,-61.4
-31.85,-61.4
-31.9,-61.4
-31.95,-61.4
-32,-61.4
-32.05,-61.4
-32.1,-61.4
-32.15,-61.4
-32.2,-61.4
-32.25,-61.4
-32.3,-61.4
-32.35,-61.4
-32.4,-61.4
-32.45,-61.4
-32.5,-61.4
-32.55,-61.4
-32.6,-61.4
-32.65,-61.4
-32.7,-61.4
-32.75,-61.4
-32.8,-61.4
-32.85,-61.4
-32.9,-61.4
-32.95,-61.4
-33,-61.4
-33.05,-61.4
-33.1,-61.4
-33.15,-61.4
-33.2,-61.4
-33.25,-61.4
-33.3,-61.4
-33.35,-61.4
-33.4,-61.4
-33.45,-61.4
-33.5,-61.4
-33.55,-61.4
-33.6,-61.4
-33.65,-61.4
-33.7,-61.4
-33.75,-61.4
-33.8,-61.4
-33.85,-61.4
-33.9,-61.4
-33.95,-61.4
-34,-61.4
-34.05,-61.4
-34.1,-61.4
-34.15,-61.4
-34.2,-61.4
-34.25,-61.4
-34.3,-61.4
-34.35,-61.4
-34.4,-61.4
-34.45,-61.4
-34.5,-61.4
-34.55,-61.4
-34.6,-61.4
-34.65,-61.4
-34.7,-61.4
-34.75,-61.4
-31.6,-61.35
-31.65,-61.35
-31.7,-61.35
-31.75,-61.35
-31.8,-61.35
-31.85,-61.35
-31.9,-61.35
-31.95,-61.35
-32,-61.35
-32.05,-61.35
-32.1,-61.35
-32.15,-61.35
-32.2,-61.35
-32.25,-61.35
-32.3,-61.35
-32.35,-61.35
-32.4,-61.35
-32.45,-61.35
-32.5,-61.35
-32.55,-61.35
-32.6,-61.35
-32.65,-61.35
-32.7,-61.35
-32.75,-61.35
-32.8,-61.35
-32.85,-61.35
-32.9,-61.35
-32.95,-61.35
-33,-61.35
-33.05,-61.35
-33.1,-61.35
-33.15,-61.35
-33.2,-61.35
-33.25,-61.35
-33.3,-61.35
-33.35,-61.35
-33.4,-61.35
-33.45,-61.35
-33.5,-61.35
-33.55,-61.35
-33.6,-61.35
-33.65,-61.35
-33.7,-61.35
-33.75,-61.35
-33.8,-61.35
-33.85,-61.35
-33.9,-61.35
-33.95,-61.35
-34,-61.35
-34.05,-61.35
-34.1,-61.35
-34.15,-61.35
-34.2,-61.35
-34.25,-61.35
-34.3,-61.35
-34.35,-61.35
-34.4,-61.35
-34.45,-61.35
-34.5,-61.35
-34.55,-61.35
-34.6,-61.35
-34.65,-61.35
-34.7,-61.35
-34.75,-61.35
-31.6,-61.3
-31.65,-61.3
-31.7,-61.3
-31.75,-61.3
-31.8,-61.3
-31.85,-61.3
-31.9,-61.3
-31.95,-61.3
-32,-61.3
-32.05,-61.3
-32.1,-61.3
-32.15,-61.3
-32.2,-61.3
-32.25,-61.3
-32.3,-61.3
-32.35,-61.3
-32.4,-61.3
-32.45,-61.3
-32.5,-61.3
-32.55,-61.3
-32.6,-61.3
-32.65,-61.3
-32.7,-61.3
-32.75,-61.3
-32.8,-61.3
-32.85,-61.3
-32.9,-61.3
-32.95,-61.3
-33,-61.3
-33.05,-61.3
-33.1,-61.3
-33.15,-61.3
-33.2,-61.3
-33.25,-61.3
-33.3,-61.3
-33.35,-61.3
-33.4,-61.3
-33.45,-61.3
-33.5,-61.3
-33.55,-61.3
-33.6,-61.3
-33.65,-61.3
-33.7,-61.3
-33.75,-61.3
-33.8,-61.3
-33.85,-61.3
-33.9,-61.3
-33.95,-61.3
-34,-61.3
-34.05,-61.3
-34.1,-61.3
-34.15,-61.3
-34.2,-61.3
-34.25,-61.3
-34.3,-61.3
-34.35,-61.3
-34.4,-61.3
-34.45,-61.3
-34.5,-61.3
-34.55,-61.3
-34.6,-61.3
-34.65,-61.3
-34.7,-61.3
-34.75,-61.3
-31.6,-61.25
-31.65,-61.25
-31.7,-61.25
-31.75,-61.25
-31.8,-61.25
-31.85,-61.25
-31.9,-61.25
-31.95,-61.25
-32,-61.25
-32.05,-61.25
-32.1,-61.25
-32.15,-61.25
-32.2,-61.25
-32.25,-61.25
-32.3,-61.25
-32.35,-61.25
-32.4,-61.25
-32.45,-61.25
-32.5,-61.25
-32.55,-61.25
-32.6,-61.25
-32.65,-61.25
-32.7,-61.25
-32.75,-61.25
-32.8,-61.25
-32.85,-61.25
-32.9,-61.25
-32.95,-61.25
-33,-61.25
-33.05,-61.25
-33.1,-61.25
-33.15,-61.25
-33.2,-61.25
-33.25,-61.25
-33.3,-61.25
-33.35,-61.25
-33.4,-61.25
-33.45,-61.25
-33.5,-61.25
-33.55,-61.25
-33.6,-61.25
-33.65,-61.25
-33.7,-61.25
-33.75,-61.25
-33.8,-61.25
-33.85,-61.25
-33.9,-61.25
-33.95,-61.25
-34,-61.25
-34.05,-61.25
-34.1,-61.25
-34.15,-61.25
-34.2,-61.25
-34.25,-61.25
-34.3,-61.25
-34.35,-61.25
-34.4,-61.25
-34.45,-61.25
-34.5,-61.25
-34.55,-61.25
-34.6,-61.25
-34.65,-61.25
-34.7,-61.25
-34.75,-61.25
-31.6,-61.2
-31.65,-61.2
-31.7,-61.2
-31.75,-61.2
-31.8,-61.2
-31.85,-61.2
-31.9,-61.2
-31.95,-61.2
-32,-61.2
-32.05,-61.2
-32.1,-61.2
-32.15,-61.2
-32.2,-61.2
-32.25,-61.2
-32.3,-61.2
-32.35,-61.2
-32.4,-61.2
-32.45,-61.2
-32.5,-61.2
-32.55,-61.2
-32.6,-61.2
-32.65,-61.2
-32.7,-61.2
-32.75,-61.2
-32.8,-61.2
-32.85,-61.2
-32.9,-61.2
-32.95,-61.2
-33,-61.2
-33.05,-61.2
-33.1,-61.2
-33.15,-61.2
-33.2,-61.2
-33.25,-61.2
-33.3,-61.2
-33.35,-61.2
-33.4,-61.2
-33.45,-61.2
-33.5,-61.2
-33.55,-61.2
-33.6,-61.2
-33.65,-61.2
-33.7,-61.2
-33.75,-61.2
-33.8,-61.2
-33.85,-61.2
-33.9,-61.2
-33.95,-61.2
-34,-61.2
-34.05,-61.2
-34.1,-61.2
-34.15,-61.2
-34.2,-61.2
-34.25,-61.2
-34.3,-61.2
-34.35,-61.2
-34.4,-61.2
-34.45,-61.2
-34.5,-61.2
-34.55,-61.2
-34.6,-61.2
-34.65,-61.2
-34.7,-61.2
-34.75,-61.2
-31.6,-61.15
-31.65,-61.15
-31.7,-61.15
-31.75,-61.15
-31.8,-61.15
-31.85,-61.15
-31.9,-61.15
-31.95,-61.15
-32,-61.15
-32.05,-61.15
-32.1,-61.15
-32.15,-61.15
-32.2,-61.15
-32.25,-61.15
-32.3,-61.15
-32.35,-61.15
-32.4,-61.15
-32.45,-61.15
-32.5,-61.15
-32.55,-61.15
-32.6,-61.15
-32.65,-61.15
-32.7,-61.15
-32.75,-61.15
-32.8,-61.15
-32.85,-61.15
-32.9,-61.15
-32.95,-61.15
-33,-61.15
-33.05,-61.15
-33.1,-61.15
-33.15,-61.15
-33.2,-61.15
-33.25,-61.15
-33.3,-61.15
-33.35,-61.15
-33.4,-61.15
-33.45,-61.15
-33.5,-61.15
-33.55,-61.15
-33.6,-61.15
-33.65,-61.15
-33.7,-61.15
-33.75,-61.15
-33.8,-61.15
-33.85,-61.15
-33.9,-61.15
-33.95,-61.15
-34,-61.15
-34.05,-61.15
-34.1,-61.15
-34.15,-61.15
-34.2,-61.15
-34.25,-61.15
-34.3,-61.15
-34.35,-61.15
-34.4,-61.15
-34.45,-61.15
-34.5,-61.15
-34.55,-61.15
-34.6,-61.15
-34.65,-61.15
-34.7,-61.15
-34.75,-61.15
-31.6,-61.1
-31.65,-61.1
-31.7,-61.1
-31.75,-61.1
-31.8,-61.1
-31.85,-61.1
-31.9,-61.1
-31.95,-61.1
-32,-61.1
-32.05,-61.1
-32.1,-61.1
-32.15,-61.1
-32.2,-61.1
-32.25,-61.1
-32.3,-61.1
-32.35,-61.1
-32.4,-61.1
-32.45,-61.1
-32.5,-61.1
-32.55,-61.1
-32.6,-61.1
-32.65,-61.1
-32.7,-61.1
-32.75,-61.1
-32.8,-61.1
-32.85,-61.1
-32.9,-61.1
-32.95,-61.1
-33,-61.1
-33.05,-61.1
-33.1,-61.1
-33.15,-61.1
-33.2,-61.1
-33.25,-61.1
-33.3,-61.1
-33.35,-61.1
-33.4,-61.1
-33.45,-61.1
-33.5,-61.1
-33.55,-61.1
-33.6,-61.1
-33.65,-61.1
-33.7,-61.1
-33.75,-61.1
-33.8,-61.1
-33.85,-61.1
-33.9,-61.1
-33.95,-61.1
-34,-61.1
-34.05,-61.1
-34.1,-61.1
-34.15,-61.1
-34.2,-61.1
-34.25,-61.1
-34.3,-61.1
-34.35,-61.1
-34.4,-61.1
-34.45,-61.1
-34.5,-61.1
-34.55,-61.1
-34.6,-61.1
-34.65,-61.1
-34.7,-61.1
-34.75,-61.1
-31.6,-61.05
-31.65,-61.05
-31.7,-61.05
-31.75,-61.05
-31.8,-61.05
-31.85,-61.05
-31.9,-61.05
-31.95,-61.05
-32,-61.05
-32.05,-61.05
-32.1,-61.05
-32.15,-61.05
-32.2,-61.05
-32.25,-61.05
-32.3,-61.05
-32.35,-61.05
-32.4,-61.05
-32.45,-61.05
-32.5,-61.05
-32.55,-61.05
-32.6,-61.05
-32.65,-61.05
-32.7,-61.05
-32.75,-61.05
-32.8,-61.05
-32.85,-61.05
-32.9,-61.05
-32.95,-61.05
-33,-61.05
-33.05,-61.05
-33.1,-61.05
-33.15,-61.05
-33.2,-61.05
-33.25,-61.05
-33.3,-61.05
-33.35,-61.05
-33.4,-61.05
-33.45,-61.05
-33.5,-61.05
-33.55,-61.05
-33.6,-61.05
-33.65,-61.05
-33.7,-61.05
-33.75,-61.05
-33.8,-61.05
-33.85,-61.05
-33.9,-61.05
-33.95,-61.05
-34,-61.05
-34.05,-61.05
-34.1,-61.05
-34.15,-61.05
-34.2,-61.05
-34.25,-61.05
-34.3,-61.05
-34.35,-61.05
-34.4,-61.05
-34.45,-61.05
-34.5,-61.05
-34.55,-61.05
-34.6,-61.05
-34.65,-61.05
-34.7,-61.05
-34.75,-61.05
-31.6,-61
-31.65,-61
-31.7,-61
-31.75,-61
-31.8,-61
-31.85,-61
-31.9,-61
-31.95,-61
-32,-61
-32.05,-61
-32.1,-61
-32.15,-61
-32.2,-61
-32.25,-61
-32.3,-61
-32.35,-61
-32.4,-61
-32.45,-61
-32.5,-61
-32.55,-61
-32.6,-61
-32.65,-61
-32.7,-61
-32.75,-61
-32.8,-61
-32.85,-61
-32.9,-61
-32.95,-61
-33,-61
-33.05,-61
-33.1,-61
-33.15,-61
-33.2,-61
-33.25,-61
-33.3,-61
-33.35,-61
-33.4,-61
-33.45,-61
-33.5,-61
-33.55,-61
-33.6,-61
-33.65,-61
-33.7,-61
-33.75,-61
-33.8,-61
-33.85,-61
-33.9,-61
-33.95,-61
-34,-61
-34.05,-61
-34.1,-61
-34.15,-61
-34.2,-61
-34.25,-61
-34.3,-61
-34.35,-61
-34.4,-61
-34.45,-61
-34.5,-61
-34.55,-61
-34.6,-61
-34.65,-61
-34.7,-61
-34.75,-61
-31.6,-60.95
-31.65,-60.95
-31.7,-60.95
-31.75,-60.95
-31.8,-60.95
-31.85,-60.95
-31.9,-60.95
-31.95,-60.95
-32,-60.95
-32.05,-60.95
-32.1,-60.95
-32.15,-60.95
-32.2,-60.95
-32.25,-60.95
-32.3,-60.95
-32.35,-60.95
-32.4,-60.95
-32.45,-60.95
-32.5,-60.95
-32.55,-60.95
-32.6,-60.95
-32.65,-60.95
-32.7,-60.95
-32.75,-60.95
-32.8,-60.95
-32.85,-60.95
-32.9,-60.95
-32.95,-60.95
-33,-60.95
-33.05,-60.95
-33.1,-60.95
-33.15,-60.95
-33.2,-60.95
-33.25,-60.95
-33.3,-60.95
-33.35,-60.95
-33.4,-60.95
-33.45,-60.95
-33.5,-60.95
-33.55,-60.95
-33.6,-60.95
-33.65,-60.95
-33.7,-60.95
-33.75,-60.95
-33.8,-60.95
-33.85,-60.95
-33.9,-60.95
-33.95,-60.95
-34,-60.95
-34.05,-60.95
-34.1,-60.95
-34.15,-60.95
-34.2,-60.95
-34.25,-60.95
-34.3,-60.95
-34.35,-60.95
-34.4,-60.95
-34.45,-60.95
-34.5,-60.95
-34.55,-60.95
-34.6,-60.95
-34.65,-60.95
-34.7,-60.95
-34.75,-60.95
-31.6,-60.9
-31.65,-60.9
-31.7,-60.9
-31.75,-60.9
-31.8,-60.9
-31.85,-60.9
-31.9,-60.9
-31.95,-60.9
-32,-60.9
-32.05,-60.9
-32.1,-60.9
-32.15,-60.9
-32.2,-60.9
-32.25,-60.9
-32.3,-60.9
-32.35,-60.9
-32.4,-60.9
-32.45,-60.9
-32.5,-60.9
-32.55,-60.9
-32.6,-60.9
-32.65,-60.9
-32.7,-60.9
-32.75,-60.9
-32.8,-60.9
-32.85,-60.9
-32.9,-60.9
-32.95,-60.9
-33,-60.9
-33.05,-60.9
-33.1,-60.9
-33.15,-60.9
-33.2,-60.9
-33.25,-60.9
-33.3,-60.9
-33.35,-60.9
-33.4,-60.9
-33.45,-60.9
-33.5,-60.9
-33.55,-60.9
-33.6,-60.9
-33.65,-60.9
-33.7,-60.9
-33.75,-60.9
-33.8,-60.9
-33.85,-60.9
-33.9,-60.9
-33.95,-60.9
-34,-60.9
-34.05,-60.9
-34.1,-60.9
-34.15,-60.9
-34.2,-60.9
-34.25,-60.9
-34.3,-60.9
-34.35,-60.9
-34.4,-60.9
-34.45,-60.9
-34.5,-60.9
-34.55,-60.9
-34.6,-60.9
-34.65,-60.9
-34.7,-60.9
-34.75,-60.9
-31.6,-60.85
-31.65,-60.85
-31.7,-60.85
-31.75,-60.85
-31.8,-60.85
-31.85,-60.85
-31.9,-60.85
-31.95,-60.85
-32,-60.85
-32.05,-60.85
-32.1,-60.85
-32.15,-60.85
-32.2,-60.85
-32.25,-60.85
-32.3,-60.85
-32.35,-60.85
-32.4,-60.85
-32.45,-60.85
-32.5,-60.85
-32.55,-60.85
-32.6,-60.85
-32.65,-60.85
-32.7,-60.85
-32.75,-60.85
-32.8,-60.85
-32.85,-60.85
-32.9,-60.85
-32.95,-60.85
-33,-60.85
-33.05,-60.85
-33.1,-60.85
-33.15,-60.85
-33.2,-60.85
-33.25,-60.85
-33.3,-60.85
-33.35,-60.85
-33.4,-60.85
-33.45,-60.85
-33.5,-60.85
-33.55,-60.85
-33.6,-60.85
-33.65,-60.85
-33.7,-60.85
-33.75,-60.85
-33.8,-60.85
-33.85,-60.85
-33.9,-60.85
-33.95,-60.85
-34,-60.85
-34.05,-60.85
-34.1,-60.85
-34.15,-60.85
-34.2,-60.85
-34.25,-60.85
-34.3,-60.85
-34.35,-60.85
-34.4,-60.85
-34.45,-60.85
-34.5,-60.85
-34.55,-60.85
-34.6,-60.85
-34.65,-60.85
-34.7,-60.85
-34.75,-60.85
-31.6,-60.8
-31.65,-60.8
-31.7,-60.8
-31.75,-60.8
-31.8,-60.8
-31.85,-60.8
-31.9,-60.8
-31.95,-60.8
-32,-60.8
-32.05,-60.8
-32.1,-60.8
-32.15,-60.8
-32.2,-60.8
-32.25,-60.8
-32.3,-60.8
-32.35,-60.8
-32.4,-60.8
-32.45,-60.8
-32.5,-60.8
-32.55,-60.8
-32.6,-60.8
-32.65,-60.8
-32.7,-60.8
-32.75,-60.8
-32.8,-60.8
-32.85,-60.8
-32.9,-60.8
-32.95,-60.8
-33,-60.8
-33.05,-60.8
-33.1,-60.8
-33.15,-60.8
-33.2,-60.8
-33.25,-60.8
-33.3,-60.8
-33.35,-60.8
-33.4,-60.8
-33.45,-60.8
-33.5,-60.8
-33.55,-60.8
-33.6,-60.8
-33.65,-60.8
-33.7,-60.8
-33.75,-60.8
-33.8,-60.8
-33.85,-60.8
-33.9,-60.8
-33.95,-60.8
-34,-60.8
-34.05,-60.8
-34.1,-60.8
-34.15,-60.8
-34.2,-60.8
-34.25,-60.8
-34.3,-60.8
-34.35,-60.8
-34.4,-60.8
-34.45,-60.8
-34.5,-60.8
-34.55,-60.8
-34.6,-60.8
-34.65,-60.8
-34.7,-60.8
-34.75,-60.8
-31.6,-60.75
-31.65,-60.75
-31.7,-60.75
-31.75,-60.75
-31.8,-60.75
-31.85,-60.75
-31.9,-60.75
-31.95,-60.75
-32,-60.75
-32.05,-60.75
-32.1,-60.75
-32.15,-60.75
-32.2,-60.75
-32.25,-60.75
-32.3,-60.75
-32.35,-60.75
-32.4,-60.75
-32.45,-60.75
-32.5,-60.75
-32.55,-60.75
-32.6,-60.75
-32.65,-60.75
-32.7,-60.75
-32.75,-60.75
-32.8,-60.75
-32.85,-60.75
-32.9,-60.75
-32.95,-60.75
-33,-60.75
-33.05,-60.75
-33.1,-60.75
-33.15,-60.75
-33.2,-60.75
-33.25,-60.75
-33.3,-60.75
-33.35,-60.75
-33.4,-60.75
-33.45,-60.75
-33.5,-60.75
-33.55,-60.75
-33.6,-60.75
-33.65,-60.75
-33.7,-60.75
-33.75,-60.75
-33.8,-60.75
-33.85,-60.75
-33.9,-60.75
-33.95,-60.75
-34,-60.75
-34.05,-60.75
-34.1,-60.75
-34.15,-60.75
-34.2,-60.75
-34.25,-60.75
-34.3,-60.75
-34.35,-60.75
-34.4,-60.75
-34.45,-60.75
-34.5,-60.75
-34.55,-60.75
-34.6,-60.75
-34.65,-60.75
-34.7,-60.75
-34.75,-60.75
-31.6,-60.7
-31.65,-60.7
-31.7,-60.7
-31.75,-60.7
-31.8,-60.7
-31.85,-60.7
-31.9,-60.7
-31.95,-60.7
-32,-60.7
-32.05,-60.7
-32.1,-60.7
-32.15,-60.7
-32.2,-60.7
-32.25,-60.7
-32.3,-60.7
-32.35,-60.7
-32.4,-60.7
-32.45,-60.7
-32.5,-60.7
-32.55,-60.7
-32.6,-60.7
-32.65,-60.7
-32.7,-60.7
-32.75,-60.7
-32.8,-60.7
-32.85,-60.7
-32.9,-60.7
-32.95,-60.7
-33,-60.7
-33.05,-60.7
-33.1,-60.7
-33.15,-60.7
-33.2,-60.7
-33.25,-60.7
-33.3,-60.7
-33.35,-60.7
-33.4,-60.7
-33.45,-60.7
-33.5,-60.7
-33.55,-60.7
-33.6,-60.7
-33.65,-60.7
-33.7,-60.7
-33.75,-60.7
-33.8,-60.7
-33.85,-60.7
-33.9,-60.7
-33.95,-60.7
-34,-60.7
-34.05,-60.7
-34.1,-60.7
-34.15,-60.7
-34.2,-60.7
-34.25,-60.7
-34.3,-60.7
-34.35,-60.7
-34.4,-60.7
-34.45,-60.7
-34.5,-60.7
-34.55,-60.7
-34.6,-60.7
-34.65,-60.7
-34.7,-60.7
-34.75,-60.7
-31.6,-60.65
-31.65,-60.65
-31.7,-60.65
-31.75,-60.65
-31.8,-60.65
-31.85,-60.65
-31.9,-60.65
-31.95,-60.65
-32,-60.65
-32.05,-60.65
-32.1,-60.65
-32.15,-60.65
-32.2,-60.65
-32.25,-60.65
-32.3,-60.65
-32.35,-60.65
-32.4,-60.65
-32.45,-60.65
-32.5,-60.65
-32.55,-60.65
-32.6,-60.65
-32.65,-60.65
-32.7,-60.65
-32.75,-60.65
-32.8,-60.65
-32.85,-60.65
-32.9,-60.65
-32.95,-60.65
-33,-60.65
-33.05,-60.65
-33.1,-60.65
-33.15,-60.65
-33.2,-60.65
-33.25,-60.65
-33.3,-60.65
-33.35,-60.65
-33.4,-60.65
-33.45,-60.65
-33.5,-60.65
-33.55,-60.65
-33.6,-60.65
-33.65,-60.65
-33.7,-60.65
-33.75,-60.65
-33.8,-60.65
-33.85,-60.65
-33.9,-60.65
-33.95,-60.65
-34,-60.65
-34.05,-60.65
-34.1,-60.65
-34.15,-60.65
-34.2,-60.65
-34.25,-60.65
-34.3,-60.65
-34.35,-60.65
-34.4,-60.65
-34.45,-60.65
-34.5,-60.65
-34.55,-60.65
-34.6,-60.65
-34.65,-60.65
-34.7,-60.65
-34.75,-60.65
-31.6,-60.6
-31.65,-60.6
-31.7,-60.6
-31.75,-60.6
-31.8,-60.6
-31.85,-60.6
-31.9,-60.6
-31.95,-60.6
-32,-60.6
-32.05,-60.6
-32.1,-60.6
-32.15,-60.6
-32.2,-60.6
-32.25,-60.6
-32.3,-60.6
-32.35,-60.6
-32.4,-60.6
-32.45,-60.6
-32.5,-60.6
-32.55,-60.6
-32.6,-60.6
-32.65,-60.6
-32.7,-60.6
-32.75,-60.6
-32.8,-60.6
-32.85,-60.6
-32.9,-60.6
-32.95,-60.6
-33,-60.6
-33.05,-60.6
-33.1,-60.6
-33.15,-60.6
-33.2,-60.6
-33.25,-60.6
-33.3,-60.6
-33.35,-60.6
-33.4,-60.6
-33.45,-60.6
-33.5,-60.6
-33.55,-60.6
-33.6,-60.6
-33.65,-60.6
-33.7,-60.6
-33.75,-60.6
-33.8,-60.6
-33.85,-60.6
-33.9,-60.6
-33.95,-60.6
-34,-60.6
-34.05,-60.6
-34.1,-60.6
-34.15,-60.6
-34.2,-60.6
-34.25,-60.6
-34.3,-60.6
-34.35,-60.6
-34.4,-60.6
-34.45,-60.6
-34.5,-60.6
-34.55,-60.6
-34.6,-60.6
-34.65,-60.6
-34.7,-60.6
-34.75,-60.6
-31.6,-60.55
-31.65,-60.55
-31.7,-60.55
-31.75,-60.55
-31.8,-60.55
-31.85,-60.55
-31.9,-60.55
-31.95,-60.55
-32,-60.55
-32.05,-60.55
-32.1,-60.55
-32.15,-60.55
-32.2,-60.55
-32.25,-60.55
-32.3,-60.55
-32.35,-60.55
-32.4,-60.55
-32.45,-60.55
-32.5,-60.55
-32.55,-60.55
-32.6,-60.55
-32.65,-60.55
-32.7,-60.55
-32.75,-60.55
-32.8,-60.55
-32.85,-60.55
-32.9,-60.55
-32.95,-60.55
-33,-60.55
-33.05,-60.55
-33.1,-60.55
-33.15,-60.55
-33.2,-60.55
-33.25,-60.55
-33.3,-60.55
-33.35,-60.55
-33.4,-60.55
-33.45,-60.55
-33.5,-60.55
-33.55,-60.55
-33.6,-60.55
-33.65,-60.55
-33.7,-60.55
-33.75,-60.55
-33.8,-60.55
-33.85,-60.55
-33.9,-60.55
-33.95,-60.55
-34,-60.55
-34.05,-60.55
-34.1,-60.55
-34.15,-60.55
-34.2,-60.55
-34.25,-60.55
-34.3,-60.55
-34.35,-60.55
-34.4,-60.55
-34.45,-60.55
-34.5,-60.55
-34.55,-60.55
-34.6,-60.55
-34.65,-60.55
-34.7,-60.55
-34.75,-60.55
-31.6,-60.5
-31.65,-60.5
-31.7,-60.5
-31.75,-60.5
-31.8,-60.5
-31.85,-60.5
-31.9,-60.5
-31.95,-60.5
-32,-60.5
-32.05,-60.5
-32.1,-60.5
-32.15,-60.5
-32.2,-60.5
-32.25,-60.5
-32.3,-60.5
-32.35,-60.5
-32.4,-60.5
-32.45,-60.5
-32.5,-60.5
-32.55,-60.5
-32.6,-60.5
-32.65,-60.5
-32.7,-60.5
-32.75,-60.5
-32.8,-60.5
-32.85,-60.5
-32.9,-60.5
-32.95,-60.5
-33,-60.5
-33.05,-60.5
-33.1,-60.5
-33.15,-60.5
-33.2,-60.5
-33.25,-60.5
-33.3,-60.5
-33.35,-60.5
-33.4,-60.5
-33.45,-60.5
-33.5,-60.5
-33.55,-60.5
-33.6,-60.5
-33.65,-60.5
-33.7,-60.5
-33.75,-60.5
-33.8,-60.5
-33.85,-60.5
-33.9,-60.5
-33.95,-60.5
-34,-60.5
-34.05,-60.5
-34.1,-60.5
-34.15,-60.5
-34.2,-60.5
-34.25,-60.5
-34.3,-60.5
-34.35,-60.5
-34.4,-60.5
-34.45,-60.5
-34.5,-60.5
-34.55,-60.5
-34.6,-60.5
-34.65,-60.5
-34.7,-60.5
-34.75,-60.5
-31.6,-60.45
-31.65,-60.45
-31.7,-60.45
-31.75,-60.45
-31.8,-60.45
-31.85,-60.45
-31.9,-60.45
-31.95,-60.45
-32,-60.45
-32.05,-60.45
-32.1,-60.45
-32.15,-60.45
-32.2,-60.45
-32.25,-60.45
-32.3,-60.45
-32.35,-60.45
-32.4,-60.45
-32.45,-60.45
-32.5,-60.45
-32.55,-60.45
-32.6,-60.45
-32.65,-60.45
-32.7,-60.45
-32.75,-60.45
-32.8,-60.45
-32.85,-60.45
-32.9,-60.45
-32.95,-60.45
-33,-60.45
-33.05,-60.45
-33.1,-60.45
-33.15,-60.45
-33.2,-60.45
-33.25,-60.45
-33.3,-60.45
-33.35,-60.45
-33.4,-60.45
-33.45,-60.45
-33.5,-60.45
-33.55,-60.45
-33.6,-60.45
-33.65,-60.45
-33.7,-60.45
-33.75,-60.45
-33.8,-60.45
-33.85,-60.45
-33.9,-60.45
-33.95,-60.45
-34,-60.45
-34.05,-60.45
-34.1,-60.45
-34.15,-60.45
-34.2,-60.45
-34.25,-60.45
-34.3,-60.45
-34.35,-60.45
-34.4,-60.45
-34.45,-60.45
-34.5,-60.45
-34.55,-60.45
-34.6,-60.45
-34.65,-60.45
-34.7,-60.45
-34.75,-60.45
-31.6,-60.4
-31.65,-60.4
-31.7,-60.4
-31.75,-60.4
-31.8,-60.4
-31.85,-60.4
-31.9,-60.4
-31.95,-60.4
-32,-60.4
-32.05,-60.4
-32.1,-60.4
-32.15,-60.4
-32.2,-60.4
-32.25,-60.4
-32.3,-60.4
-32.35,-60.4
-32.4,-60.4
-32.45,-60.4
-32.5,-60.4
-32.55,-60.4
-32.6,-60.4
-32.65,-60.4
-32.7,-60.4
-32.75,-60.4
-32.8,-60.4
-32.85,-60.4
-32.9,-60.4
-32.95,-60.4
-33,-60.4
-33.05,-60.4
-33.1,-60.4
-33.15,-60.4
-33.2,-60.4
-33.25,-60.4
-33.3,-60.4
-33.35,-60.4
-33.4,-60.4
-33.45,-60.4
-33.5,-60.4
-33.55,-60.4
-33.6,-60.4
-33.65,-60.4
-33.7,-60.4
-33.75,-60.4
-33.8,-60.4
-33.85,-60.4
-33.9,-60.4
-33.95,-60.4
-34,-60.4
-34.05,-60.4
-34.1,-60.4
-34.15,-60.4
-34.2,-60.4
-34.25,-60.4
-34.3,-60.4
-34.35,-60.4
-34.4,-60.4
-34.45,-60.4
-34.5,-60.4
-34.55,-60.4
-34.6,-60.4
-34.65,-60.4
-34.7,-60.4
-34.75,-60.4
-31.6,-60.35
-31.65,-60.35
-31.7,-60.35
-31.75,-60.35
-31.8,-60.35
-31.85,-60.35
-31.9,-60.35
-31.95,-60.35
-32,-60.35
-32.05,-60.35
-32.1,-60.35
-32.15,-60.35
-32.2,-60.35
-32.25,-60.35
-32.3,-60.35
-32.35,-60.35
-32.4,-60.35
-32.45,-60.35
-32.5,-60.35
-32.55,-60.35
-32.6,-60.35
-32.65,-60.35
-32.7,-60.35
-32.75,-60.35
-32.8,-60.35
-32.85,-60.35
-32.9,-60.35
-32.95,-60.35
-33,-60.35
-33.05,-60.35
-33.1,-60.35
-33.15,-60.35
-33.2,-60.35
-33.25,-60.35
-33.3,-60.35
-33.35,-60.35
-33.4,-60.35
-33.45,-60.35
-33.5,-60.35
-33.55,-60.35
-33.6,-60.35
-33.65,-60.35
-33.7,-60.35
-33.75,-60.35
-33.8,-60.35
-33.85,-60.35
-33.9,-60.35
-33.95,-60.35
-34,-60.35
-34.05,-60.35
-34.1,-60.35
-34.15,-60.35
-34.2,-60.35
-34.25,-60.35
-34.3,-60.35
-34.35,-60.35
-34.4,-60.35
-34.45,-60.35
-34.5,-60.35
-34.55,-60.35
-34.6,-60.35
-34.65,-60.35
-34.7,-60.35
-34.75,-60.35
-31.6,-60.3
-31.65,-60.3
-31.7,-60.3
-31.75,-60.3
-31.8,-60.3
-31.85,-60.3
-31.9,-60.3
-31.95,-60.3
-32,-60.3
-32.05,-60.3
-32.1,-60.3
-32.15,-60.3
-32.2,-60.3
-32.25,-60.3
-32.3,-60.3
-32.35,-60.3
-32.4,-60.3
-32.45,-60.3
-32.5,-60.3
-32.55,-60.3
-32.6,-60.3
-32.65,-60.3
-32.7,-60.3
-32.75,-60.3
-32.8,-60.3
-32.85,-60.3
-32.9,-60.3
-32.95,-60.3
-33,-60.3
-33.05,-60.3
-33.1,-60.3
-33.15,-60.3
-33.2,-60.3
-33.25,-60.3
-33.3,-60.3
-33.35,-60.3
-33.4,-60.3
-33.45,-60.3
-33.5,-60.3
-33.55,-60.3
-33.6,-60.3
-33.65,-60.3
-33.7,-60.3
-33.75,-60.3
-33.8,-60.3
-33.85,-60.3
-33.9,-60.3
-33.95,-60.3
-34,-60.3
-34.05,-60.3
-34.1,-60.3
-34.15,-60.3
-34.2,-60.3
-34.25,-60.3
-34.3,-60.3
-34.35,-60.3
-34.4,-60.3
-34.45,-60.3
-34.5,-60.3
-34.55,-60.3
-34.6,-60.3
-34.65,-60.3
-34.7,-60.3
-34.75,-60.3
-31.6,-60.25
-31.65,-60.25
-31.7,-60.25
-31.75,-60.25
-31.8,-60.25
-31.85,-60.25
-31.9,-60.25
-31.95,-60.25
-32,-60.25
-32.05,-60.25
-32.1,-60.25
-32.15,-60.25
-32.2,-60.25
-32.25,-60.25
-32.3,-60.25
-32.35,-60.25
-32.4,-60.25
-32.45,-60.25
-32.5,-60.25
-32.55,-60.25
-32.6,-60.25
-32.65,-60.25
-32.7,-60.25
-32.75,-60.25
-32.8,-60.25
-32.85,-60.25
-32.9,-60.25
-32.95,-60.25
-33,-60.25
-33.05,-60.25
-33.1,-60.25
-33.15,-60.25
-33.2,-60.25
-33.25,-60.25
-33.3,-60.25
-33.35,-60.25
-33.4,-60.25
-33.45,-60.25
-33.5,-60.25
-33.55,-60.25
-33.6,-60.25
-33.65,-60.25
-33.7,-60.25
-33.75,-60.25
-33.8,-60.25
-33.85,-60.25
-33.9,-60.25
-33.95,-60.25
-34,-60.25
-34.05,-60.25
-34.1,-60.25
-34.15,-60.25
-34.2,-60.25
-34.25,-60.25
-34.3,-60.25
-34.35,-60.25
-34.4,-60.25
-34.45,-60.25
-34.5,-60.25
-34.55,-60.25
-34.6,-60.25
-34.65,-60.25
-34.7,-60.25
-34.75,-60.25
-31.6,-60.2
-31.65,-60.2
-31.7,-60.2
-31.75,-60.2
-31.8,-60.2
-31.85,-60.2
-31.9,-60.2
-31.95,-60.2
-32,-60.2
-32.05,-60.2
-32.1,-60.2
-32.15,-60.2
-32.2,-60.2
-32.25,-60.2
-32.3,-60.2
-32.35,-60.2
-32.4,-60.2
-32.45,-60.2
-32.5,-60.2
-32.55,-60.2
-32.6,-60.2
-32.65,-60.2
-32.7,-60.2
-32.75,-60.2
-32.8,-60.2
-32.85,-60.2
-32.9,-60.2
-32.95,-60.2
-33,-60.2
-33.05,-60.2
-33.1,-60.2
-33.15,-60.2
-33.2,-60.2
-33.25,-60.2
-33.3,-60.2
-33.35,-60.2
-33.4,-60.2
-33.45,-60.2
-33.5,-60.2
-33.55,-60.2
-33.6,-60.2
-33.65,-60.2
-33.7,-60.2
-33.75,-60.2
-33.8,-60.2
-33.85,-60.2
-33.9,-60.2
-33.95,-60.2
-34,-60.2
-34.05,-60.2
-34.1,-60.2
-34.15,-60.2
-34.2,-60.2
-34.25,-60.2
-34.3,-60.2
-34.35,-60.2
-34.4,-60.2
-34.45,-60.2
-34.5,-60.2
-34.55,-60.2
-34.6,-60.2
-34.65,-60.2
-34.7,-60.2
-34.75,-60.2
-31.6,-60.15
-31.65,-60.15
-31.7,-60.15
-31.75,-60.15
-31.8,-60.15
-31.85,-60.15
-31.9,-60.15
-31.95,-60.15
-32,-60.15
-32.05,-60.15
-32.1,-60.15
-32.15,-60.15
-32.2,-60.15
-32.25,-60.15
-32.3,-60.15
-32.35,-60.15
-32.4,-60.15
-32.45,-60.15
-32.5,-60.15
-32.55,-60.15
-32.6,-60.15
-32.65,-60.15
-32.7,-60.15
-32.75,-60.15
-32.8,-60.15
-32.85,-60.15
-32.9,-60.15
-32.95,-60.15
-33,-60.15
-33.05,-60.15
-33.1,-60.15
-33.15,-60.15
-33.2,-60.15
-33.25,-60.15
-33.3,-60.15
-33.35,-60.15
-33.4,-60.15
-33.45,-60.15
-33.5,-60.15
-33.55,-60.15
-33.6,-60.15
-33.65,-60.15
-33.7,-60.15
-33.75,-60.15
-33.8,-60.15
-33.85,-60.15
-33.9,-60.15
-33.95,-60.15
-34,-60.15
-34.05,-60.15
-34.1,-60.15
-34.15,-60.15
-34.2,-60.15
-34.25,-60.15
-34.3,-60.15
-34.35,-60.15
-34.4,-60.15
-34.45,-60.15
-34.5,-60.15
-34.55,-60.15
-34.6,-60.15
-34.65,-60.15
-34.7,-60.15
-34.75,-60.15
-31.6,-60.1
-31.65,-60.1
-31.7,-60.1
-31.75,-60.1
-31.8,-60.1
-31.85,-60.1
-31.9,-60.1
-31.95,-60.1
-32,-60.1
-32.05,-60.1
-32.1,-60.1
-32.15,-60.1
-32.2,-60.1
-32.25,-60.1
-32.3,-60.1
-32.35,-60.1
-32.4,-60.1
-32.45,-60.1
-32.5,-60.1
-32.55,-60.1
-32.6,-60.1
-32.65,-60.1
-32.7,-60.1
-32.75,-60.1
-32.8,-60.1
-32.85,-60.1
-32.9,-60.1
-32.95,-60.1
-33,-60.1
-33.05,-60.1
-33.1,-60.1
-33.15,-60.1
-33.2,-60.1
-33.25,-60.1
-33.3,-60.1
-33.35,-60.1
-33.4,-60.1
-33.45,-60.1
-33.5,-60.1
-33.55,-60.1
-33.6,-60.1
-33.65,-60.1
-33.7,-60.1
-33.75,-60.1
-33.8,-60.1
-33.85,-60.1
-33.9,-60.1
-33.95,-60.1
-34,-60.1
-34.05,-60.1
-34.1,-60.1
-34.15,-60.1
-34.2,-60.1
-34.25,-60.1
-34.3,-60.1
-34.35,-60.1
-34.4,-60.1
-34.45,-60.1
-34.5,-60.1
-34.55,-60.1
-34.6,-60.1
-34.65,-60.1
-34.7,-60.1
-34.75,-60.1
-31.6,-60.05
-31.65,-60.05
-31.7,-60.05
-31.75,-60.05
-31.8,-60.05
-31.85,-60.05
-31.9,-60.05
-31.95,-60.05
-32,-60.05
-32.05,-60.05
-32.1,-60.05
-32.15,-60.05
-32.2,-60.05
-32.25,-60.05
-32.3,-60.05
-32.35,-60.05
-32.4,-60.05
-32.45,-60.05
-32.5,-60.05
-32.55,-60.05
-32.6,-60.05
-32.65,-60.05
-32.7,-60.05
-32.75,-60.05
-32.8,-60.05
-32.85,-60.05
-32.9,-60.05
-32.95,-60.05
-33,-60.05
-33.05,-60.05
-33.1,-60.05
-33.15,-60.05
-33.2,-60.05
-33.25,-60.05
-33.3,-60.05
-33.35,-60.05
-33.4,-60.05
-33.45,-60.05
-33.5,-60.05
-33.55,-60.05
-33.6,-60.05
-33.65,-60.05
-33.7,-60.05
-33.75,-60.05
-33.8,-60.05
-33.85,-60.05
-33.9,-60.05
-33.95,-60.05
-34,-60.05
-34.05,-60.05
-34.1,-60.05
-34.15,-60.05
-34.2,-60.05
-34.25,-60.05
-34.3,-60.05
-34.35,-60.05
-34.4,-60.05
-34.45,-60.05
-34.5,-60.05
-34.55,-60.05
-34.6,-60.05
-34.65,-60.05
-34.7,-60.05
-34.75,-60.05
-31.6,-60
-31.65,-60
-31.7,-60
-31.75,-60
-31.8,-60
-31.85,-60
-31.9,-60
-31.95,-60
-32,-60
-32.05,-60
-32.1,-60
-32.15,-60
-32.2,-60
-32.25,-60
-32.3,-60
-32.35,-60
-32.4,-60
-32.45,-60
-32.5,-60
-32.55,-60
-32.6,-60
-32.65,-60
-32.7,-60
-32.75,-60
-32.8,-60
-32.85,-60
-32.9,-60
-32.95,-60
-33,-60
-33.05,-60
-33.1,-60
-33.15,-60
-33.2,-60
-33.25,-60
-33.3,-60
-33.35,-60
-33.4,-60
-33.45,-60
-33.5,-60
-33.55,-60
-33.6,-60
-33.65,-60
-33.7,-60
-33.75,-60
-33.8,-60
-33.85,-60
-33.9,-60
-33.95,-60
-34,-60
-34.05,-60
-34.1,-60
-34.15,-60
-34.2,-60
-34.25,-60
-34.3,-60
-34.35,-60
-34.4,-60
-34.45,-60
-34.5,-60
-34.55,-60
-34.6,-60
-34.65,-60
-34.7,-60
-34.75,-60
-31.6,-59.95
-31.65,-59.95
-31.7,-59.95
-31.75,-59.95
-31.8,-59.95
-31.85,-59.95
-31.9,-59.95
-31.95,-59.95
-32,-59.95
-32.05,-59.95
-32.1,-59.95
-32.15,-59.95
-32.2,-59.95
-32.25,-59.95
-32.3,-59.95
-32.35,-59.95
-32.4,-59.95
-32.45,-59.95
-32.5,-59.95
-32.55,-59.95
-32.6,-59.95
-32.65,-59.95
-32.7,-59.95
-32.75,-59.95
-32.8,-59.95
-32.85,-59.95
-32.9,-59.95
-32.95,-59.95
-33,-59.95
-33.05,-59.95
-33.1,-59.95
-33.15,-59.95
-33.2,-59.95
-33.25,-59.95
-33.3,-59.95
-33.35,-59.95
-33.4,-59.95
-33.45,-59.95
-33.5,-59.95
-33.55,-59.95
-33.6,-59.95
-33.65,-59.95
-33.7,-59.95
-33.75,-59.95
-33.8,-59.95
-33.85,-59.95
-33.9,-59.95
-33.95,-59.95
-34,-59.95
-34.05,-59.95
-34.1,-59.95
-34.15,-59.95
-34.2,-59.95
-34.25,-59.95
-34.3,-59.95
-34.35,-59.95
-34.4,-59.95
-34.45,-59.95
-34.5,-59.95
-34.55,-59.95
-34.6,-59.95
-34.65,-59.95
-34.7,-59.95
-34.75,-59.95
-31.6,-59.9
-31.65,-59.9
-31.7,-59.9
-31.75,-59.9
-31.8,-59.9
-31.85,-59.9
-31.9,-59.9
-31.95,-59.9
-32,-59.9
-32.05,-59.9
-32.1,-59.9
-32.15,-59.9
-32.2,-59.9
-32.25,-59.9
-32.3,-59.9
-32.35,-59.9
-32.4,-59.9
-32.45,-59.9
-32.5,-59.9
-32.55,-59.9
-32.6,-59.9
-32.65,-59.9
-32.7,-59.9
-32.75,-59.9
-32.8,-59.9
-32.85,-59.9
-32.9,-59.9
-32.95,-59.9
-33,-59.9
-33.05,-59.9
-33.1,-59.9
-33.15,-59.9
-33.2,-59.9
-33.25,-59.9
-33.3,-59.9
-33.35,-59.9
-33.4,-59.9
-33.45,-59.9
-33.5,-59.9
-33.55,-59.9
-33.6,-59.9
-33.65,-59.9
-33.7,-59.9
-33.75,-59.9
-33.8,-59.9
-33.85,-59.9
-33.9,-59.9
-33.95,-59.9
-34,-59.9
-34.05,-59.9
-34.1,-59.9
-34.15,-59.9
-34.2,-59.9
-34.25,-59.9
-34.3,-59.9
-34.35,-59.9
-34.4,-59.9
-34.45,-59.9
-34.5,-59.9
-34.55,-59.9
-34.6,-59.9
-34.65,-59.9
-34.7,-59.9
-34.75,-59.9
-31.6,-59.85
-31.65,-59.85
-31.7,-59.85
-31.75,-59.85
-31.8,-59.85
-31.85,-59.85
-31.9,-59.85
-31.95,-59.85
-32,-59.85
-32.05,-59.85
-32.1,-59.85
-32.15,-59.85
-32.2,-59.85
-32.25,-59.85
-32.3,-59.85
-32.35,-59.85
-32.4,-59.85
-32.45,-59.85
-32.5,-59.85
-32.55,-59.85
-32.6,-59.85
-32.65,-59.85
-32.7,-59.85
-32.75,-59.85
-32.8,-59.85
-32.85,-59.85
-32.9,-59.85
-32.95,-59.85
-33,-59.85
-33.05,-59.85
-33.1,-59.85
-33.15,-59.85
-33.2,-59.85
-33.25,-59.85
-33.3,-59.85
-33.35,-59.85
-33.4,-59.85
-33.45,-59.85
-33.5,-59.85
-33.55,-59.85
-33.6,-59.85
-33.65,-59.85
-33.7,-59.85
-33.75,-59.85
-33.8,-59.85
-33.85,-59.85
-33.9,-59.85
-33.95,-59.85
-34,-59.85
-34.05,-59.85
-34.1,-59.85
-34.15,-59.85
-34.2,-59.85
-34.25,-59.85
-34.3,-59.85
-34.35,-59.85
-34.4,-59.85
-34.45,-59.85
-34.5,-59.85
-34.55,-59.85
-34.6,-59.85
-34.65,-59.85
-34.7,-59.85
-34.75,-59.85
-31.6,-59.8
-31.65,-59.8
-31.7,-59.8
-31.75,-59.8
-31.8,-59.8
-31.85,-59.8
-31.9,-59.8
-31.95,-59.8
-32,-59.8
-32.05,-59.8
-32.1,-59.8
-32.15,-59.8
-32.2,-59.8
-32.25,-59.8
-32.3,-59.8
-32.35,-59.8
-32.4,-59.8
-32.45,-59.8
-32.5,-59.8
-32.55,-59.8
-32.6,-59.8
-32.65,-59.8
-32.7,-59.8
-32.75,-59.8
-32.8,-59.8
-32.85,-59.8
-32.9,-59.8
-32.95,-59.8
-33,-59.8
-33.05,-59.8
-33.1,-59.8
-33.15,-59.8
-33.2,-59.8
-33.25,-59.8
-33.3,-59.8
-33.35,-59.8
-33.4,-59.8
-33.45,-59.8
-33.5,-59.8
-33.55,-59.8
-33.6,-59.8
-33.65,-59.8
-33.7,-59.8
-33.75,-59.8
-33.8,-59.8
-33.85,-59.8
-33.9,-59.8
-33.95,-59.8
-34,-59.8
-34.05,-59.8
-34.1,-59.8
-34.15,-59.8
-34.2,-59.8
-34.25,-59.8
-34.3,-59.8
-34.35,-59.8
-34.4,-59.8
-34.45,-59.8
-34.5,-59.8
-34.55,-59.8
-34.6,-59.8
-34.65,-59.8
-34.7,-59.8
-34.75,-59.8
-31.6,-59.75
-31.65,-59.75
-31.7,-59.75
-31.75,-59.75
-31.8,-59.75
-31.85,-59.75
-31.9,-59.75
-31.95,-59.75
-32,-59.75
-32.05,-59.75
-32.1,-59.75
-32.15,-59.75
-32.2,-59.75
-32.25,-59.75
-32.3,-59.75
-32.35,-59.75
-32.4,-59.75
-32.45,-59.75
-32.5,-59.75
-32.55,-59.75
-32.6,-59.75
-32.65,-59.75
-32.7,-59.75
-32.75,-59.75
-32.8,-59.75
-32.85,-59.75
-32.9,-59.75
-32.95,-59.75
-33,-59.75
-33.05,-59.75
-33.1,-59.75
-33.15,-59.75
-33.2,-59.75
-33.25,-59.75
-33.3,-59.75
-33.35,-59.75
-33.4,-59.75
-33.45,-59.75
-33.5,-59.75
-33.55,-59.75
-33.6,-59.75
-33.65,-59.75
-33.7,-59.75
-33.75,-59.75
-33.8,-59.75
-33.85,-59.75
-33.9,-59.75
-33.95,-59.75
-34,-59.75
-34.05,-59.75
-34.1,-59.75
-34.15,-59.75
-34.2,-59.75
-34.25,-59.75
-34.3,-59.75
-34.35,-59.75
-34.4,-59.75
-34.45,-59.75
-34.5,-59.75
-34.55,-59.75
-34.6,-59.75
-34.65,-59.75
-34.7,-59.75
-34.75,-59.75

